column	count	min	max	sum	mean	Q1	med	Q3	IQR	lW	rW	A_Count	C_Count	G_Count	T_Count	N_Count	Max_count
1	5567799	2	34	187070786	33.60	34	34	34	0	34	34	5523298	7102	33358	3997	44	5567799
2	5567799	12	34	188119216	33.79	34	34	34	0	34	34	5510582	15554	37405	4258	0	5567799
3	5567799	12	34	188162161	33.79	34	34	34	0	34	34	17252	2875	5534005	13667	0	5567799
4	5567799	12	34	188521392	33.86	34	34	34	0	34	34	5144	29727	13035	5519893	0	5567799
5	5567799	2	34	188928412	33.93	34	34	34	0	34	34	3548	5541602	13077	9560	12	5567799
6	5567799	2	38	207632236	37.29	38	38	38	0	38	38	54600	3174	5495451	14341	233	5567799
7	5567799	2	38	209394751	37.61	38	38	38	0	38	38	13778	13861	13496	5525973	691	5567799
8	5567799	2	38	206380023	37.07	37	38	38	1	36	38	5532150	17152	15245	2901	351	5567799
9	5567799	10	38	204781531	36.78	37	38	38	1	36	38	5510259	20899	22146	14495	0	5567799
10	5567799	10	38	183770808	33.01	34	34	35	1	33	36	14417	5534147	11902	7333	0	5567799
11	5567799	9	38	184155062	33.08	32	34	35	3	28	38	5535039	3572	24073	5115	0	5567799
12	5567799	8	38	182392837	32.76	30	35	37	7	20	38	5484932	45539	32010	5318	0	5567799
13	5567799	8	38	183345375	32.93	33	35	35	2	30	38	5137	2871	5544678	15113	0	5567799
14	5567799	7	37	171446338	30.79	28	33	35	7	18	37	12473	6116	5527718	21492	0	5567799
15	5567799	2	37	129763298	23.31	21	23	23	2	18	26	14421	26893	4339	5520694	1452	5567799
16	5567799	2	38	165492780	29.72	28	28	34	6	19	38	19820	2564563	5917	2977481	18	5567799
17	5567799	10	38	176146608	31.64	28	34	34	6	19	38	17229	47665	50977	5451928	0	5567799
18	5567799	10	38	185385010	33.30	34	34	36	2	31	38	58266	5388683	7400	113450	0	5567799
19	5567799	10	38	196899585	35.36	34	37	37	3	30	38	34615	5395905	59479	77800	0	5567799
20	5567799	10	38	203023010	36.46	37	37	38	1	36	38	58478	55692	5238759	214870	0	5567799
21	5567799	10	38	207907654	37.34	37	38	38	1	36	38	25174	86617	62885	5393123	0	5567799
22	5567799	10	38	202504683	36.37	37	38	38	1	36	38	4091175	164454	72282	1239888	0	5567799
23	5567799	2	38	206526563	37.09	38	38	38	0	38	38	41818	197773	5261972	66157	79	5567799
24	5567799	10	38	207214482	37.22	38	38	38	0	38	38	75918	125634	5331943	34304	0	5567799
25	5567799	10	38	206960819	37.17	38	38	38	0	38	38	67086	158985	292842	5048886	0	5567799
26	5567799	10	38	206633108	37.11	38	38	38	0	38	38	197209	163311	4930974	276305	0	5567799
27	5567799	9	38	205640904	36.93	38	38	38	0	38	38	5047034	164438	262390	93937	0	5567799
28	5567799	10	38	204215516	36.68	37	38	38	1	36	38	4827137	138214	477545	124903	0	5567799
29	5567799	10	38	205409010	36.89	38	38	38	0	38	38	116739	4728236	236649	486175	0	5567799
30	5567799	10	38	204861265	36.79	38	38	38	0	38	38	357664	4752128	192423	265584	0	5567799
31	5567799	10	38	198527721	35.66	37	38	38	1	36	38	1528686	108726	237663	3692724	0	5567799
32	5567799	9	38	203290727	36.51	37	38	38	1	36	38	209380	440461	4676152	241806	0	5567799
33	5567799	10	38	205301759	36.87	38	38	38	0	38	38	207963	4805266	362398	192172	0	5567799
34	5567799	10	38	205076998	36.83	38	38	38	0	38	38	258609	265501	4828877	214812	0	5567799
35	5567799	2	38	203856849	36.61	38	38	38	0	38	38	451217	249146	4693409	174019	8	5567799
36	5567799	2	38	203273641	36.51	37	38	38	1	36	38	4878546	216159	265854	207217	23	5567799
37	5567799	9	38	197106725	35.40	36	38	38	2	33	38	2440554	332102	2554294	240849	0	5567799
38	5567799	9	38	203388743	36.53	37	38	38	1	36	38	245133	295260	4792071	235335	0	5567799
39	5567799	2	38	202902811	36.44	38	38	38	0	38	38	330224	359505	4735902	142158	10	5567799
40	5567799	9	38	203556436	36.56	38	38	38	0	38	38	4833961	310810	98413	324615	0	5567799
41	5567799	9	38	204401697	36.71	38	38	38	0	38	38	133587	441232	91564	4901416	0	5567799
42	5567799	9	38	205993123	37.00	38	38	38	0	38	38	170316	5068858	132790	195835	0	5567799
43	5567799	9	38	201843298	36.25	37	38	38	1	36	38	4723663	371175	209144	263817	0	5567799
44	5567799	9	38	203744738	36.59	38	38	38	0	38	38	82404	437544	92199	4955652	0	5567799
45	5567799	9	38	202809822	36.43	37	38	38	1	36	38	264392	371960	162853	4768594	0	5567799
46	5567799	2	38	201778988	36.24	37	38	38	1	36	38	4627645	388118	261527	290460	49	5567799
47	5567799	9	38	194137661	34.87	36	38	38	2	33	38	872111	3170774	372301	1152613	0	5567799
48	5567799	2	38	192670337	34.60	36	38	38	2	33	38	1370271	2634332	281905	1281220	71	5567799
49	5567799	2	38	195233634	35.06	36	38	38	2	33	38	1245699	333284	3638201	350576	39	5567799
50	5567799	2	38	194000700	34.84	36	38	38	2	33	38	3904750	327731	929896	405246	176	5567799
51	5567799	2	38	193993425	34.84	36	38	38	2	33	38	1694337	277369	3076680	518323	1090	5567799
52	5567799	2	38	193760499	34.80	36	38	38	2	33	38	932267	683181	952746	2998260	1345	5567799
53	5567799	2	38	192373296	34.55	36	38	38	2	33	38	1458902	701715	1435955	1970675	552	5567799
54	5567799	2	38	193493524	34.75	36	38	38	2	33	38	1859433	1130202	873046	1704089	1029	5567799
55	5567799	2	38	191957039	34.48	36	38	38	2	33	38	1068369	1349716	2168836	980385	493	5567799
56	5567799	2	38	189801440	34.09	35	38	38	3	31	38	766939	920087	2663424	1217274	75	5567799
57	5567799	2	38	190182424	34.16	35	38	38	3	31	38	1216025	1120497	2310464	918165	2648	5567799
58	5567799	2	38	189893372	34.11	35	38	38	3	31	38	1533967	1264197	1630880	1135032	3723	5567799
59	5567799	2	38	191748045	34.44	36	38	38	2	33	38	1269944	1747588	1513223	1033623	3421	5567799
60	5567799	2	38	192378729	34.55	36	38	38	2	33	38	1077652	1595831	1476939	1415760	1617	5567799
61	5567799	2	38	192701964	34.61	36	38	38	2	33	38	825872	2798532	855353	1086750	1292	5567799
62	5567799	2	38	191882689	34.46	36	38	38	2	33	38	793220	2412571	969239	1392304	465	5567799
63	5567799	2	38	191599267	34.41	36	38	38	2	33	38	825606	1947183	1272791	1520721	1498	5567799
64	5567799	2	38	191203920	34.34	36	38	38	2	33	38	1059510	2446961	1075460	985294	574	5567799
65	5567799	2	38	190606056	34.23	35	38	38	3	31	38	951683	2365744	1474671	775244	457	5567799
66	5567799	2	38	188992780	33.94	34	38	38	4	28	38	1135597	1670822	1759694	1001185	501	5567799
67	5567799	2	38	190553190	34.22	35	38	38	3	31	38	1244313	1863457	1281791	1176842	1396	5567799
68	5567799	2	38	188475659	33.85	34	38	38	4	28	38	1407194	1834417	1491671	833314	1203	5567799
69	5567799	2	38	190585219	34.23	35	38	38	3	31	38	1219830	2447133	948722	951079	1035	5567799
70	5567799	2	38	190132644	34.15	35	38	38	3	31	38	993167	2605536	873790	1095172	134	5567799
71	5567799	2	38	189016207	33.95	34	38	38	4	28	38	1067958	2312492	988887	1198221	241	5567799
72	5567799	2	38	190514991	34.22	35	38	38	3	31	38	1037209	2124092	1038575	1367338	585	5567799
73	5567799	2	38	190058468	34.14	35	38	38	3	31	38	848662	2246649	1060365	1412012	111	5567799
74	5567799	2	38	190097616	34.14	35	38	38	3	31	38	1164200	1851975	1333412	1217419	793	5567799
75	5567799	2	38	190167508	34.15	35	38	38	3	31	38	1261305	1461710	1176090	1667568	1126	5567799
76	5567799	2	38	191096519	34.32	35	38	38	3	31	38	1329135	2295567	740432	1202482	183	5567799
77	5567799	2	38	191939017	34.47	36	38	38	2	33	38	1339952	2557867	817653	851866	461	5567799
78	5567799	2	38	193290480	34.72	36	38	38	2	33	38	1572361	2519610	597338	878145	345	5567799
79	5567799	2	38	192459056	34.57	36	38	38	2	33	38	1373833	2100183	545107	1548560	116	5567799
80	5567799	9	38	190094177	34.14	35	38	38	3	31	38	1325445	2231776	495388	1515190	0	5567799
81	5567799	2	38	189579405	34.05	35	38	38	3	31	38	1326465	2000993	624116	1614955	1270	5567799
82	5567799	2	38	191609153	34.41	36	38	38	2	33	38	1062224	2354195	716689	1433307	1384	5567799
83	5567799	2	38	190750511	34.26	36	38	38	2	33	38	930220	1987572	1055647	1593314	1046	5567799
84	5567799	2	38	189758151	34.08	35	38	38	3	31	38	1010797	1785469	1104950	1665103	1480	5567799
85	5567799	2	38	190151540	34.15	35	38	38	3	31	38	1075478	1322891	1112528	2055966	936	5567799
86	5567799	2	38	191106690	34.32	36	38	38	2	33	38	1044572	1058222	1416154	2047807	1044	5567799
87	5567799	2	38	191069093	34.32	36	38	38	2	33	38	838591	1221787	984370	2521959	1092	5567799
88	5567799	9	38	189435637	34.02	34	38	38	4	28	38	940013	1507890	1438594	1681302	0	5567799
89	5567799	9	38	189791402	34.09	35	38	38	3	31	38	1099300	1097000	1323938	2047561	0	5567799
90	5567799	2	38	189362732	34.01	35	38	38	3	31	38	1505507	1035896	1120199	1906177	20	5567799
91	5567799	2	38	190519823	34.22	35	38	38	3	31	38	1370758	1291736	1660309	1244602	394	5567799
92	5567799	2	38	190106456	34.14	35	38	38	3	31	38	1398497	1665073	916174	1587538	517	5567799
93	5567799	2	38	189790995	34.09	35	38	38	3	31	38	1063876	2063033	901711	1539073	106	5567799
94	5567799	2	38	189914897	34.11	35	38	38	3	31	38	1039018	1954134	1066896	1507352	399	5567799
95	5567799	2	38	189977331	34.12	35	38	38	3	31	38	1570167	1693458	1153344	1150115	715	5567799
96	5567799	2	38	188055643	33.78	34	38	38	4	28	38	1346752	1344826	1289875	1585648	698	5567799
97	5567799	2	38	188685660	33.89	34	38	38	4	28	38	1259834	1357972	1481125	1467992	876	5567799
98	5567799	2	38	188911572	33.93	34	38	38	4	28	38	1183939	1480688	1361927	1540971	274	5567799
99	5567799	2	38	187980037	33.76	34	38	38	4	28	38	836384	1635843	1439951	1654808	813	5567799
100	5567799	2	38	187516483	33.68	34	38	38	4	28	38	949203	1372269	1705008	1539985	1334	5567799
101	5567799	2	38	188621631	33.88	34	38	38	4	28	38	1059478	1676293	1377556	1452844	1628	5567799
102	5567799	2	38	188745848	33.90	34	38	38	4	28	38	766907	1702471	1280261	1816581	1579	5567799
103	5567799	2	38	189179553	33.98	34	38	38	4	28	38	791161	1263696	1446984	2063862	2096	5567799
104	5567799	2	38	189328175	34.00	34	38	38	4	28	38	636417	1487414	1332221	2111384	363	5567799
105	5567799	2	38	188647760	33.88	34	38	38	4	28	38	724443	1509008	1608542	1725550	256	5567799
106	5567799	2	38	188575080	33.87	34	38	38	4	28	38	745062	1539524	1917177	1365690	346	5567799
107	5567799	2	38	188427451	33.84	34	38	38	4	28	38	563452	1696159	1887285	1420816	87	5567799
108	5567799	2	38	187496905	33.68	34	38	38	4	28	38	660403	1592242	2139268	1175695	191	5567799
109	5567799	2	38	185920587	33.39	34	38	38	4	28	38	724800	1421087	2155964	1265870	78	5567799
110	5567799	2	38	188049382	33.77	34	38	38	4	28	38	743896	1376108	1998637	1448064	1094	5567799
111	5567799	2	38	187723115	33.72	34	38	38	4	28	38	934755	1476856	2137690	1017980	518	5567799
112	5567799	2	38	186542980	33.50	34	38	38	4	28	38	999996	1607174	2007192	952965	472	5567799
113	5567799	2	38	186423264	33.48	34	38	38	4	28	38	944076	1904893	1811571	907007	252	5567799
114	5567799	2	38	188113818	33.79	34	38	38	4	28	38	514109	2271083	1700897	1081592	118	5567799
115	5567799	2	38	187533424	33.68	34	38	38	4	28	38	885376	2068837	1739102	873744	740	5567799
116	5567799	2	38	186600408	33.51	34	38	38	4	28	38	776060	1773792	1784984	1232329	634	5567799
117	5567799	9	38	186845656	33.56	34	38	38	4	28	38	864501	1843519	1896392	963387	0	5567799
118	5567799	9	38	187057599	33.60	34	38	38	4	28	38	756320	1617763	1985393	1208323	0	5567799
119	5567799	9	38	184977424	33.22	34	38	38	4	28	38	820549	1913516	1898760	934974	0	5567799
120	5567799	9	38	184506982	33.14	33	38	38	5	26	38	960680	1716728	1808155	1082236	0	5567799
121	5567799	9	38	185015053	33.23	33	38	38	5	26	38	786819	2115342	1657301	1008337	0	5567799
122	5567799	9	38	186329195	33.47	34	38	38	4	28	38	664873	2086549	1811446	1004931	0	5567799
123	5567799	9	38	186710141	33.53	34	38	38	4	28	38	782489	1769655	1526491	1489164	0	5567799
124	5567799	9	38	185927112	33.39	34	38	38	4	28	38	957126	2095058	1463214	1052401	0	5567799
125	5567799	2	38	185766673	33.36	34	38	38	4	28	38	749359	2347218	1544040	927161	21	5567799
126	5567799	2	38	186313016	33.46	34	38	38	4	28	38	702705	1968919	1856639	1038592	944	5567799
127	5567799	2	38	185713132	33.35	34	38	38	4	28	38	948890	2205067	1602996	810066	780	5567799
128	5567799	2	38	185040650	33.23	33	38	38	5	26	38	1042138	2310075	1318403	897177	6	5567799
129	5567799	2	38	185700229	33.35	34	38	38	4	28	38	816974	2070356	1665731	1014725	13	5567799
130	5567799	2	38	186122541	33.43	34	38	38	4	28	38	788132	2376462	1482093	920783	329	5567799
131	5567799	2	38	184693335	33.17	33	38	38	5	26	38	665394	2059577	1819123	1022490	1215	5567799
132	5567799	2	38	184127394	33.07	33	38	38	5	26	38	762162	2121079	1603784	1079639	1135	5567799
133	5567799	2	38	185124912	33.25	34	38	38	4	28	38	763802	2266945	1560742	974939	1371	5567799
134	5567799	2	38	185904371	33.39	34	38	38	4	28	38	896055	2080642	1675256	915139	707	5567799
135	5567799	2	38	184759401	33.18	33	38	38	5	26	38	986727	2238069	1581866	760770	367	5567799
136	5567799	2	38	185972347	33.40	34	38	38	4	28	38	816746	2312466	1499266	938980	341	5567799
137	5567799	2	38	184768444	33.19	34	38	38	4	28	38	967628	2282229	1455166	862681	95	5567799
138	5567799	2	38	185801173	33.37	34	38	38	4	28	38	970686	2207266	1593669	795079	1099	5567799
139	5567799	2	38	185420171	33.30	34	38	38	4	28	38	713976	2133866	1766523	953355	79	5567799
140	5567799	2	38	183672494	32.99	33	38	38	5	26	38	1035714	1854442	1556166	1120801	676	5567799
141	5567799	2	38	183732640	33.00	33	38	38	5	26	38	1104947	1616985	1754555	1090473	839	5567799
142	5567799	2	38	183597028	32.97	33	38	38	5	26	38	1186421	1792204	1362746	1225522	906	5567799
143	5567799	2	38	181321637	32.57	31	37	38	7	21	38	999838	2108283	1564014	895521	143	5567799
144	5567799	2	38	180811500	32.47	31	37	38	7	21	38	1060315	1950023	1654721	902691	49	5567799
145	5567799	2	38	182425897	32.76	31	38	38	7	21	38	1191073	1569508	1502620	1304435	163	5567799
146	5567799	2	38	183735063	33.00	33	38	38	5	26	38	1086540	2028683	1354846	1097275	455	5567799
147	5567799	2	38	180434733	32.41	31	37	38	7	21	38	1424421	1580652	1531087	1030758	881	5567799
148	5567799	2	38	181509540	32.60	31	37	38	7	21	38	1040435	1694771	1488403	1343886	304	5567799
149	5567799	2	38	182029461	32.69	31	38	38	7	21	38	1342248	1729435	1340270	1154814	1032	5567799
150	5567799	2	38	182437042	32.77	31	38	38	7	21	38	1328331	1492020	1383280	1362746	1422	5567799
151	5567799	2	38	182069309	32.70	31	38	38	7	21	38	1445248	1536656	1226824	1358612	459	5567799
152	5567799	2	38	182506334	32.78	31	38	38	7	21	38	1355998	1806767	1256024	1148828	182	5567799
153	5567799	2	38	181116625	32.53	31	37	38	7	21	38	1193289	1834101	1412444	1127856	109	5567799
154	5567799	2	38	182409070	32.76	31	38	38	7	21	38	1465116	1923360	1181532	997297	494	5567799
155	5567799	2	38	181208103	32.55	31	37	38	7	21	38	1338738	1499177	1474205	1255527	152	5567799
156	5567799	2	38	181175541	32.54	31	37	38	7	21	38	1214248	1633112	1372751	1347182	506	5567799
157	5567799	2	38	180904711	32.49	31	37	38	7	21	38	1179334	1770166	1093464	1524506	329	5567799
158	5567799	2	38	180966504	32.50	31	37	38	7	21	38	1287434	1738633	1130103	1411344	285	5567799
159	5567799	2	38	179599077	32.26	30	37	38	8	18	38	1153668	1550388	1116436	1747000	307	5567799
160	5567799	2	38	178919762	32.13	29	37	38	9	16	38	1074831	1748703	1041486	1702419	360	5567799
161	5567799	2	38	180425776	32.41	30	37	38	8	18	38	1129260	1477056	1385380	1575730	373	5567799
162	5567799	2	38	180915586	32.49	31	37	38	7	21	38	1134216	1569903	1288264	1574474	942	5567799
163	5567799	2	38	178626927	32.08	29	37	38	9	16	38	1099167	1514127	1292722	1660931	852	5567799
164	5567799	2	38	179268923	32.20	29	37	38	9	16	38	960750	1575672	1276534	1754286	557	5567799
165	5567799	2	38	180625858	32.44	30	37	38	8	18	38	1061729	1469953	1436929	1598740	448	5567799
166	5567799	2	38	179644553	32.26	30	37	38	8	18	38	1047756	1560581	1477982	1479951	1529	5567799
167	5567799	2	38	179655693	32.27	30	37	38	8	18	38	1102828	1577485	1338614	1547685	1187	5567799
168	5567799	2	38	178771223	32.11	29	37	38	9	16	38	890457	1479945	1606823	1589557	1017	5567799
169	5567799	2	38	177936144	31.96	29	37	38	9	16	38	1071077	1456755	1659790	1379621	556	5567799
170	5567799	2	38	178551015	32.07	29	37	38	9	16	38	1054619	1435951	1746716	1329328	1185	5567799
171	5567799	2	38	176862466	31.77	28	37	38	10	13	38	1400984	1155783	1717743	1292425	864	5567799
172	5567799	2	38	175314949	31.49	27	37	38	11	11	38	1321142	1473607	1464403	1308190	457	5567799
173	5567799	2	38	176837484	31.76	28	37	38	10	13	38	1429914	1304805	1455855	1376907	318	5567799
174	5567799	2	38	177757665	31.93	29	37	38	9	16	38	1194092	1295555	1469012	1608563	577	5567799
175	5567799	2	38	176651520	31.73	27	37	38	11	11	38	1276462	1380669	1402489	1507921	258	5567799
176	5567799	2	38	175755167	31.57	27	37	38	11	11	38	1453349	1084395	1306129	1723693	233	5567799
177	5567799	2	38	177041662	31.80	27	37	38	11	11	38	1218411	1199388	1263957	1886025	18	5567799
178	5567799	2	38	177286051	31.84	27	37	38	11	11	38	1418123	1175041	1346356	1627374	905	5567799
179	5567799	2	38	177430445	31.87	28	37	38	10	13	38	1595237	1157967	1221612	1592307	676	5567799
180	5567799	2	38	176873693	31.77	27	37	38	11	11	38	1429793	1226502	1161250	1749850	404	5567799
181	5567799	2	38	176625551	31.72	27	37	38	11	11	38	1813986	1267482	1050295	1435811	225	5567799
182	5567799	2	38	178083521	31.98	29	37	38	9	16	38	1721606	1102710	1013419	1729646	418	5567799
183	5567799	2	38	177639293	31.90	28	37	38	10	13	38	2096017	1240995	885899	1344788	100	5567799
184	5567799	2	38	177203132	31.83	27	37	38	11	11	38	2032328	1240730	892503	1400955	1283	5567799
185	5567799	2	38	176226121	31.65	27	37	38	11	11	38	1277872	1525692	1166536	1597328	371	5567799
186	5567799	2	38	176709378	31.74	27	37	38	11	11	38	1660998	1301561	1001613	1603354	273	5567799
187	5567799	2	38	175372365	31.50	27	37	38	11	11	38	1710680	1260588	979146	1616649	736	5567799
188	5567799	2	38	175544035	31.53	27	37	38	11	11	38	2089154	985599	833207	1659399	440	5567799
189	5567799	2	38	175918192	31.60	27	37	38	11	11	38	1889045	1308363	998278	1371413	700	5567799
190	5567799	2	38	176561535	31.71	27	37	38	11	11	38	1859247	1408108	851522	1447370	1552	5567799
191	5567799	2	38	177123931	31.81	27	37	38	11	11	38	1971926	1422543	803562	1368007	1761	5567799
192	5567799	2	38	176502847	31.70	27	37	38	11	11	38	1971140	1336974	807710	1450422	1553	5567799
193	5567799	2	38	176970579	31.78	28	37	38	10	13	38	1889211	1248116	898163	1531884	425	5567799
194	5567799	2	38	176441354	31.69	27	37	38	11	11	38	1775546	1257309	919146	1614393	1405	5567799
195	5567799	2	38	176669990	31.73	27	37	38	11	11	38	1993296	1254981	723624	1594775	1123	5567799
196	5567799	2	38	174997682	31.43	27	37	38	11	11	38	1765671	1103568	985273	1712004	1283	5567799
197	5567799	2	38	175152306	31.46	27	37	38	11	11	38	1941970	1083540	1061768	1479944	577	5567799
198	5567799	2	38	174429705	31.33	27	37	38	11	11	38	1963393	1290357	793174	1520210	665	5567799
199	5567799	2	38	173362819	31.14	26	37	38	12	8	38	1738232	1410802	910021	1508377	367	5567799
200	5567799	2	38	172660796	31.01	26	37	38	12	8	38	2037969	1218377	942731	1368669	53	5567799
201	5567799	2	38	173238739	31.11	26	37	38	12	8	38	1991605	1268227	939600	1368351	16	5567799
202	5567799	2	38	173492241	31.16	27	37	38	11	11	38	1662482	1423769	924592	1556838	118	5567799
203	5567799	2	38	172580811	31.00	26	37	38	12	8	38	1671406	1115127	1284602	1496618	46	5567799
204	5567799	2	38	173521486	31.17	26	37	38	12	8	38	1610853	1376670	1147842	1432386	48	5567799
205	5567799	2	38	172330630	30.95	26	37	38	12	8	38	1781797	1365612	1137084	1283184	122	5567799
206	5567799	2	38	172362336	30.96	26	36	38	12	8	38	1731650	1200491	1166708	1468863	87	5567799
207	5567799	2	38	172400477	30.96	26	36	38	12	8	38	1839761	1378948	1028646	1320244	200	5567799
208	5567799	2	38	170680014	30.65	25	36	38	13	6	38	1754658	1356287	997720	1457914	1220	5567799
209	5567799	2	38	169546087	30.45	25	36	38	13	6	38	1699599	1619083	920549	1328409	159	5567799
210	5567799	2	38	170878502	30.69	25	36	38	13	6	38	1588490	1322721	1042176	1614073	339	5567799
211	5567799	2	38	170117609	30.55	25	36	38	13	6	38	1550432	1482043	989679	1544142	1503	5567799
212	5567799	2	38	168463850	30.26	24	36	38	14	3	38	1470141	1273194	1219376	1604438	650	5567799
213	5567799	2	38	169357583	30.42	25	36	38	13	6	38	1513394	1474044	1193029	1387237	95	5567799
214	5567799	2	38	169174891	30.38	25	36	38	13	6	38	1528494	1431408	1102041	1505307	549	5567799
215	5567799	2	38	168159968	30.20	24	36	38	14	3	38	1361241	1441312	1228630	1536554	62	5567799
216	5567799	2	38	167694540	30.12	24	36	38	14	3	38	1451889	1503675	1230137	1381636	462	5567799
217	5567799	2	38	169281767	30.40	25	36	38	13	6	38	1684625	1240049	978271	1663796	1058	5567799
218	5567799	2	38	169514500	30.45	25	36	38	13	6	38	1675901	1241194	1199154	1451233	317	5567799
219	5567799	2	38	169907775	30.52	25	36	38	13	6	38	1581526	1273730	1116220	1594703	1620	5567799
220	5567799	2	38	170124500	30.56	25	36	38	13	6	38	1140847	1247044	1382685	1795533	1690	5567799
221	5567799	2	38	167918677	30.16	24	36	38	14	3	38	1305239	1086228	1462634	1712602	1096	5567799
222	5567799	2	38	168576476	30.28	24	36	38	14	3	38	1421990	1161163	1202892	1779984	1770	5567799
223	5567799	2	38	167146394	30.02	24	36	38	14	3	38	1555939	1234958	1055714	1719926	1262	5567799
224	5567799	2	38	166566046	29.92	24	36	38	14	3	38	1525198	1463460	1148126	1430437	578	5567799
225	5567799	2	38	166747163	29.95	24	36	38	14	3	38	1640652	1190291	1141565	1594983	308	5567799
226	5567799	2	38	167366504	30.06	24	36	38	14	3	38	1952085	1184061	969841	1460418	1394	5567799
227	5567799	2	38	166747974	29.95	24	36	38	14	3	38	1683121	1213523	1129388	1540282	1485	5567799
228	5567799	8	38	165731672	29.77	23	35	38	15	8	38	1832308	1459094	853776	1422621	0	5567799
229	5567799	2	38	165789648	29.78	23	35	38	15	2	38	1807708	1158391	1217517	1384178	5	5567799
230	5567799	8	38	165783245	29.78	24	35	38	14	8	38	1611668	1182294	1391187	1382650	0	5567799
231	5567799	2	38	166385636	29.88	24	35	38	14	3	38	1718935	1220241	1303606	1324944	73	5567799
232	5567799	9	38	164200474	29.49	23	34	38	15	9	38	1720649	1227039	1254919	1365192	0	5567799
233	5567799	2	38	162888229	29.26	22	34	38	16	2	38	1793293	1363115	1007962	1403425	4	5567799
234	5567799	2	38	163185115	29.31	22	34	38	16	2	38	1805257	1192209	1249282	1320924	127	5567799
235	5567799	2	38	161932966	29.08	22	34	38	16	2	38	1696460	1484817	1125384	1260924	214	5567799
236	5567799	2	38	161924267	29.08	22	34	38	16	2	38	1900676	1354388	1204489	1107918	328	5567799
237	5567799	2	38	160177550	28.77	22	34	38	16	2	38	1674868	1542694	1391322	958619	296	5567799
238	5567799	2	38	162246065	29.14	22	34	38	16	2	38	1879671	1327762	1233569	1126404	393	5567799
239	5567799	2	38	163248769	29.32	23	34	38	15	2	38	1786981	1058574	1415497	1306295	452	5567799
240	5567799	2	38	163505351	29.37	23	34	38	15	2	38	1517973	1397483	1546540	1105709	94	5567799
241	5567799	2	38	161960114	29.09	22	34	38	16	2	38	1591041	1510852	1416226	1049630	50	5567799
242	5567799	2	38	159670622	28.68	21	34	38	17	2	38	1621976	1345571	1382291	1217862	99	5567799
243	5567799	2	38	160807859	28.88	22	34	38	16	2	38	1550505	1357436	1238730	1420951	177	5567799
244	5567799	2	38	159386263	28.63	21	34	38	17	2	38	1514030	1555925	1257325	1240433	86	5567799
245	5567799	2	38	157284662	28.25	20	34	38	18	2	38	1285394	1454033	1366990	1461354	28	5567799
246	5567799	2	38	157628426	28.31	20	34	38	18	2	38	1627104	1208036	1544595	1188002	62	5567799
247	5567799	2	38	157785455	28.34	20	34	38	18	2	38	1446973	1459283	1564559	1096943	41	5567799
248	5567799	2	38	157284728	28.25	20	34	38	18	2	38	1410831	1424630	1348576	1383668	94	5567799
249	5567799	2	38	157957643	28.37	20	34	38	18	2	38	1377747	1261036	1451242	1477647	127	5567799
250	5567799	2	38	158236957	28.42	20	34	38	18	2	38	1520200	1240021	1414091	1393096	391	5567799
251	5567799	2	38	158054281	28.39	20	34	38	18	2	38	1417786	1461579	1461887	1225529	1018	5567799
252	5567799	2	38	156974475	28.19	20	34	38	18	2	38	1361862	1525276	1227571	1451822	1268	5567799
253	5567799	2	38	157704064	28.32	20	34	38	18	2	38	1511496	1269389	1422055	1362850	2009	5567799
254	5567799	2	38	155676941	27.96	19	34	38	19	2	38	1516114	1417807	1274034	1358114	1730	5567799
255	5567799	2	38	155001689	27.84	19	34	38	19	2	38	1470720	1382012	1306433	1406369	2265	5567799
256	5567799	2	38	153980439	27.66	18	34	38	20	2	38	1685884	1312838	1328353	1239786	938	5567799
257	5567799	2	38	151370751	27.19	17	32	37	20	2	38	1678424	1364857	1307413	1216689	416	5567799
258	5567799	2	38	151246525	27.16	17	32	37	20	2	38	1381499	1609554	1218550	1356596	1600	5567799
259	5567799	2	38	143388501	25.75	16	29	37	21	2	38	1509216	1268237	1307004	1482136	1206	5567799
260	5567799	2	38	147816321	26.55	17	30	37	20	2	38	1536506	1245829	1201281	1583377	806	5567799
261	5567799	2	38	148017628	26.58	17	29	37	20	2	38	1595367	1398807	1153403	1418969	1253	5567799
262	5567799	2	38	149044032	26.77	17	30	37	20	2	38	1248251	1469024	1506426	1343052	1046	5567799
263	5567799	2	38	147670567	26.52	17	29	37	20	2	38	1499105	1475087	1086972	1506609	26	5567799
264	5567799	8	38	147623233	26.51	17	29	37	20	8	38	1487814	1336145	1384156	1359684	0	5567799
265	5567799	2	38	146393332	26.29	16	29	37	21	2	38	1508702	1345966	1362590	1350036	505	5567799
266	5567799	2	38	141826648	25.47	15	27	37	22	2	38	1764581	1418041	1214707	1170463	7	5567799
267	5567799	2	38	145027850	26.05	16	28	37	21	2	38	1606413	1265058	1032306	1663999	23	5567799
268	5567799	8	38	144009248	25.86	16	28	37	21	8	38	1289211	1420153	1360657	1497778	0	5567799
269	5567799	2	38	143054539	25.69	16	28	37	21	2	38	1445697	1441469	1244445	1436134	54	5567799
270	5567799	2	38	139605016	25.07	15	27	37	22	2	38	1334947	1558421	1226315	1446361	1755	5567799
271	5567799	2	38	140789093	25.29	15	27	37	22	2	38	1312280	1493868	1289712	1469989	1950	5567799
272	5567799	2	38	141318490	25.38	15	27	37	22	2	38	1242336	1375741	1233884	1714272	1566	5567799
273	5567799	2	38	125858571	22.60	13	23	32	19	2	38	1032072	1819500	1245341	1469557	1329	5567799
274	5567799	2	38	136975140	24.60	15	25	35	20	2	38	1429090	1326784	1256758	1553308	1859	5567799
275	5567799	2	38	136065317	24.44	15	25	36	21	2	38	1345778	1326368	1315180	1578435	2038	5567799
276	5567799	2	37	127283783	22.86	13	24	33	20	2	37	1389074	1671694	1215043	1290015	1973	5567799
277	5567799	2	38	134599550	24.17	14	25	36	22	2	38	1242543	1395349	1116884	1813018	5	5567799
278	5567799	2	38	131054753	23.54	13	24	35	22	2	38	1345322	1539299	1134779	1548396	3	5567799
279	5567799	7	38	133363958	23.95	14	24	35	21	7	38	1294578	1501608	1247206	1524407	0	5567799
280	5567799	2	38	126600679	22.74	13	23	33	20	2	38	1245008	1513235	1204042	1605509	5	5567799
281	5567799	2	38	134457543	24.15	14	24	35	21	2	38	1324507	1353131	1301625	1588528	8	5567799
282	5567799	2	38	134911395	24.23	14	25	36	22	2	38	1379587	1469391	1264530	1454189	102	5567799
283	5567799	2	38	127757616	22.95	13	23	33	20	2	38	1540615	1415759	1080707	1529374	1344	5567799
284	5567799	2	38	135043528	24.25	14	25	36	22	2	38	1376636	1350029	1131744	1709339	51	5567799
285	5567799	2	38	130850680	23.50	13	24	35	22	2	38	1513127	1302084	1284894	1467556	138	5567799
286	5567799	2	38	134183379	24.10	14	25	35	21	2	38	1765936	1266649	1006518	1528692	4	5567799
287	5567799	2	38	135512658	24.34	14	25	36	22	2	38	1858063	1511419	817476	1380673	168	5567799
288	5567799	2	38	132023616	23.71	14	24	35	21	2	38	1809349	1168164	1053543	1536698	45	5567799
289	5567799	2	38	133790702	24.03	14	25	35	21	2	38	1934820	1104514	1135040	1393231	194	5567799
290	5567799	2	38	131785588	23.67	13	24	35	22	2	38	2096920	1210768	1145937	1113236	938	5567799
291	5567799	2	38	132922510	23.87	14	24	35	21	2	38	2128543	1162653	1009067	1265970	1566	5567799
292	5567799	2	38	133344496	23.95	10	25	35	25	2	38	2131626	1067520	910519	1457670	464	5567799
293	5567799	2	38	131964837	23.70	10	25	34	24	2	38	2270430	994755	889265	1412772	577	5567799
294	5567799	2	38	130667893	23.47	10	24	34	24	2	38	2350291	1155360	857239	1204564	345	5567799
295	5567799	2	38	129558121	23.27	10	24	34	24	2	38	2183363	1212877	872935	1298390	234	5567799
296	5567799	2	38	127839720	22.96	10	23	34	24	2	38	2290502	1177271	989944	1109728	354	5567799
297	5567799	2	38	128792814	23.13	10	24	34	24	2	38	2366655	1110383	828841	1261346	574	5567799
298	5567799	9	38	125330478	22.51	10	23	34	24	9	38	2337409	1285245	736960	1208185	0	5567799
299	5567799	8	38	123970238	22.27	10	23	34	24	8	38	2338182	1040800	984945	1203872	0	5567799
300	5567799	9	38	122148506	21.94	10	22	34	24	9	38	2363085	967232	842275	1395207	0	5567799
301	5567799	9	38	107975175	19.39	10	17	27	17	9	38	2469383	965014	689474	1443928	0	5567799
