column	count	min	max	sum	mean	Q1	med	Q3	IQR	lW	rW	A_Count	C_Count	G_Count	T_Count	N_Count	Max_count
1	3745085	3	41	127957607	34.17	34	34	34	0	34	34	3722058	2406	18797	1824	0	3745085
2	3745085	3	41	128608006	34.34	34	34	34	0	34	34	3711256	3548	27896	2385	0	3745085
3	3745085	3	41	128803576	34.39	34	34	34	0	34	34	5924	557	3729343	9261	0	3745085
4	3745085	3	41	129154231	34.49	34	34	34	0	34	34	1902	22810	2739	3717634	0	3745085
5	3745085	2	41	129409374	34.55	34	34	34	0	34	34	1431	3727811	9260	6578	5	3745085
6	3745085	2	41	141640252	37.82	38	38	38	0	38	38	45537	1058	3688681	9690	119	3745085
7	3745085	2	41	142446365	38.04	38	38	38	0	38	38	9914	10313	2763	3721786	309	3745085
8	3745085	2	41	141093402	37.67	38	38	38	0	38	38	3731218	3866	8586	1246	169	3745085
9	3745085	3	41	140888018	37.62	37	38	38	1	36	39	3716751	12008	12968	3358	0	3745085
10	3745085	3	41	128970268	34.44	34	34	36	2	31	39	10383	3728769	2163	3770	0	3745085
11	3745085	3	41	130213774	34.77	34	34	37	3	30	41	3727858	1194	13718	2315	0	3745085
12	3745085	3	41	130589633	34.87	35	37	38	3	31	41	3709883	12223	21308	1671	0	3745085
13	3745085	3	41	131345698	35.07	33	35	37	4	27	41	2612	634	3738862	2977	0	3745085
14	3745085	3	41	126144900	33.68	33	33	37	4	27	41	4004	1396	3727923	11762	0	3745085
15	3745085	2	41	104404373	27.88	21	23	41	20	2	41	3061	17708	1965	3721812	539	3745085
16	3745085	2	41	127037906	33.92	28	34	41	13	9	41	9382	1884758	1486	1849451	8	3745085
17	3745069	3	41	130642451	34.88	34	34	41	7	24	41	8679	23047	1967	3711376	0	3745085
18	3745046	3	41	135716611	36.24	34	36	41	7	24	41	3161	3686868	1238	53779	0	3745085
19	3745036	3	41	141254272	37.72	37	37	41	4	31	41	3750	3702392	11748	27146	0	3745085
20	3745021	3	41	144182413	38.50	37	38	41	4	31	41	5768	2552	3722618	14083	0	3745085
21	3744995	3	41	145590025	38.88	38	38	41	3	34	41	11162	11575	3157	3719101	0	3745085
22	3744984	3	41	145832029	38.94	38	38	41	3	34	41	2838350	6383	18597	881654	0	3745085
23	3744947	2	41	146216725	39.04	38	38	41	3	34	41	6882	5309	3729510	3222	24	3745085
24	3744930	3	41	146351845	39.08	38	38	41	3	34	41	6785	2347	3722695	13103	0	3745085
25	3744924	3	41	146315972	39.07	38	38	41	3	34	41	4638	73982	110859	3555445	0	3745085
26	3744893	3	41	146834991	39.21	38	38	41	3	34	41	103944	5763	3516089	119097	0	3745085
27	3744846	3	41	146631237	39.16	38	38	41	3	34	41	3534390	73124	109557	27775	0	3745085
28	3744838	3	41	146543186	39.13	38	38	41	3	34	41	3428036	19960	254120	42722	0	3745085
29	3744835	3	41	147110131	39.28	38	41	41	3	34	41	6050	3376841	124781	237163	0	3745085
30	3744832	3	41	147009949	39.26	38	41	41	3	34	41	177456	3376128	68952	122296	0	3745085
31	3744781	3	41	146557516	39.14	38	41	41	3	34	41	1017822	20418	96275	2610266	0	3745085
32	3744771	3	41	147089778	39.28	38	41	41	3	34	41	92560	173370	3366900	111941	0	3745085
33	3744766	3	41	147441682	39.37	38	41	41	3	34	41	95946	3426206	143884	78730	0	3745085
34	3744747	3	41	147448762	39.37	38	41	41	3	34	41	164480	90278	3385083	104906	0	3745085
35	3744740	3	41	147472081	39.38	38	41	41	3	34	41	184331	134746	3343378	82285	0	3745085
36	3744734	3	41	147395145	39.36	38	41	41	3	34	41	3498821	98953	84813	62147	0	3745085
37	3744731	3	41	147327463	39.34	38	41	41	3	34	41	1713888	119936	1788024	122883	0	3745085
38	3744685	3	41	147831157	39.48	38	41	41	3	34	41	122601	118505	3440950	62629	0	3745085
39	3744668	3	41	147594650	39.41	38	41	41	3	34	41	146063	161283	3381078	56244	0	3745085
40	3744658	3	41	147669707	39.43	38	41	41	3	34	41	3407687	143866	31231	161874	0	3745085
41	3744647	3	41	148061810	39.54	38	41	41	3	34	41	44893	196829	27940	3474985	0	3745085
42	3744625	3	41	148367549	39.62	38	41	41	3	34	41	60355	3559504	31475	93291	0	3745085
43	3744604	3	41	147730037	39.45	38	41	41	3	34	41	3391553	133993	74657	144401	0	3745085
44	3744585	3	41	148179138	39.57	38	41	41	3	34	41	23339	172440	24791	3524015	0	3745085
45	3744548	3	41	148141043	39.56	38	41	41	3	34	41	166421	106495	71174	3400458	0	3745085
46	3744519	3	41	148303174	39.61	38	41	41	3	34	41	3317694	129722	130258	166845	0	3745085
47	3744498	3	41	148031813	39.53	38	41	41	3	34	41	566396	2144809	233758	799535	0	3745085
48	3744408	3	41	148604037	39.69	38	41	41	3	34	41	980204	1743609	129489	891106	0	3745085
49	3744080	3	41	148929451	39.78	38	41	41	3	34	41	845457	69725	2633079	195819	0	3745085
50	3742954	3	41	148581867	39.70	38	41	41	3	34	41	2834501	65873	601971	240609	0	3745085
51	3742848	3	41	149072454	39.83	38	41	41	3	34	41	1163640	79120	2177929	322158	1	3745085
52	3742817	3	41	149013667	39.81	38	41	41	3	34	41	605665	335148	623535	2178469	0	3745085
53	3742802	3	41	149052215	39.82	38	41	41	3	34	41	1032212	315150	989550	1405890	0	3745085
54	3742784	3	41	149346520	39.90	38	41	41	3	34	41	1314252	690378	527988	1210166	0	3745085
55	3742778	3	41	149560951	39.96	38	41	41	3	34	41	719341	850189	1532557	640691	0	3745085
56	3742777	3	41	149326697	39.90	38	41	41	3	34	41	504488	518661	1877245	842383	0	3745085
57	3742771	2	41	149642610	39.98	38	41	41	3	34	41	824198	699258	1604497	614738	80	3745085
58	3742770	2	41	149732793	40.01	38	41	41	3	34	41	1071506	820139	1105088	745844	193	3745085
59	3742768	2	41	149971959	40.07	41	41	41	0	41	41	896685	1162185	992596	691216	86	3745085
60	3742767	3	41	150065559	40.09	41	41	41	0	41	41	741184	1025621	966377	1009585	0	3745085
61	3742767	3	41	150056611	40.09	41	41	41	0	41	41	550483	1916807	548205	727272	0	3745085
62	3742767	3	41	150158117	40.12	41	41	41	0	41	41	486674	1648902	637659	969532	0	3745085
63	3742767	2	41	150232288	40.14	41	41	41	0	41	41	521451	1292116	892212	1036973	15	3745085
64	3742766	3	41	150269524	40.15	41	41	41	0	41	41	676892	1719523	696328	650023	0	3745085
65	3742764	3	41	150337060	40.17	41	41	41	0	41	41	600300	1638604	997813	506047	0	3745085
66	3742760	3	41	148840096	39.77	41	41	41	0	41	41	808538	1138310	1177491	618421	0	3745085
67	3742752	3	41	150400824	40.18	41	41	41	0	41	41	833637	1277172	805528	826415	0	3745085
68	3742752	3	41	150349845	40.17	41	41	41	0	41	41	908768	1246871	1027292	559821	0	3745085
69	3742749	2	41	150563476	40.23	41	41	41	0	41	41	820688	1683131	639602	599325	3	3745085
70	3742747	3	41	150577096	40.23	41	41	41	0	41	41	683871	1845955	569099	643822	0	3745085
71	3742743	3	41	150447945	40.20	41	41	41	0	41	41	706123	1633516	637428	765676	0	3745085
72	3742737	3	41	150640027	40.25	41	41	41	0	41	41	700127	1519946	649426	873238	0	3745085
73	3742736	3	41	150721891	40.27	41	41	41	0	41	41	528417	1599942	665247	949130	0	3745085
74	3742735	3	41	150744238	40.28	41	41	41	0	41	41	657967	1296523	920937	867308	0	3745085
75	3742724	3	41	150703480	40.27	41	41	41	0	41	41	811049	964433	763315	1203927	0	3745085
76	3742715	3	41	150769487	40.28	41	41	41	0	41	41	856380	1534389	508419	843527	0	3745085
77	3742711	3	41	150814384	40.30	41	41	41	0	41	41	891055	1759538	544879	547239	0	3745085
78	3742711	2	41	150900555	40.32	41	41	41	0	41	41	1043597	1717574	382486	599053	1	3745085
79	3742708	3	41	150894693	40.32	41	41	41	0	41	41	953137	1387315	331583	1070673	0	3745085
80	3742708	3	41	150818592	40.30	41	41	41	0	41	41	865023	1520965	271885	1084835	0	3745085
81	3742706	3	41	150846627	40.30	41	41	41	0	41	41	916507	1350531	323016	1152652	0	3745085
82	3742696	2	41	151066916	40.36	41	41	41	0	41	41	691011	1663026	390618	998032	9	3745085
83	3742691	3	41	150910385	40.32	41	41	41	0	41	41	619316	1364133	682802	1076440	0	3745085
84	3742682	2	41	150978431	40.34	41	41	41	0	41	41	674914	1209135	685307	1173323	3	3745085
85	3742680	3	41	151078976	40.37	41	41	41	0	41	41	710431	857064	720228	1454957	0	3745085
86	3742678	2	41	151170559	40.39	41	41	41	0	41	41	664310	679480	959149	1439735	4	3745085
87	3742677	2	41	151510128	40.48	41	41	41	0	41	41	538112	772676	611137	1820747	5	3745085
88	3742675	3	41	151544078	40.49	41	41	41	0	41	41	595512	1010763	976231	1160169	0	3745085
89	3742673	3	41	151603861	40.51	41	41	41	0	41	41	704278	691672	916311	1430412	0	3745085
90	3742673	3	41	151604649	40.51	41	41	41	0	41	41	1026998	660073	718049	1337553	0	3745085
91	3742673	3	41	151705112	40.53	41	41	41	0	41	41	924902	835827	1119732	862212	0	3745085
92	3742669	2	41	151675696	40.53	41	41	41	0	41	41	968577	1149831	515781	1108478	2	3745085
93	3742669	3	41	151629950	40.51	41	41	41	0	41	41	703099	1457515	527413	1054642	0	3745085
94	3742669	3	41	151714172	40.54	41	41	41	0	41	41	635011	1356337	689010	1062311	0	3745085
95	3742669	3	41	151753000	40.55	41	41	41	0	41	41	1015690	1143718	772138	811123	0	3745085
96	3742669	3	41	151676764	40.53	41	41	41	0	41	41	916404	883822	829514	1112929	0	3745085
97	3742668	2	41	151810736	40.56	41	41	41	0	41	41	843268	928510	947689	1023200	1	3745085
98	3742666	3	41	151879249	40.58	41	41	41	0	41	41	759517	981848	946397	1054904	0	3745085
99	3742664	2	41	151935206	40.60	41	41	41	0	41	41	556044	1069494	993144	1123981	1	3745085
100	3742663	3	41	152087946	40.64	41	41	41	0	41	41	628000	847904	1173736	1093023	0	3745085
101	3742663	2	41	152195253	40.66	41	41	41	0	41	41	678292	1128555	909092	1026720	4	3745085
102	3742663	2	41	152173483	40.66	41	41	41	0	41	41	482866	1153737	916600	1189458	2	3745085
103	3742662	2	41	152170362	40.66	41	41	41	0	41	41	479827	860442	975577	1426807	9	3745085
104	3742662	3	41	152180443	40.66	41	41	41	0	41	41	348769	1021116	864062	1508715	0	3745085
105	3742646	3	41	152171261	40.66	41	41	41	0	41	41	456113	988726	1088033	1209774	0	3745085
106	3742642	2	41	152200389	40.67	41	41	41	0	41	41	483214	995581	1326484	937362	1	3745085
107	3742640	3	41	152231490	40.67	41	41	41	0	41	41	377458	1150452	1240918	973812	0	3745085
108	3742640	3	41	152209663	40.67	41	41	41	0	41	41	381933	1062290	1495383	803034	0	3745085
109	3742639	3	41	152149905	40.65	41	41	41	0	41	41	457410	947062	1470792	867375	0	3745085
110	3742639	2	41	152296710	40.69	41	41	41	0	41	41	462207	936988	1361349	982094	1	3745085
111	3742638	3	41	152302252	40.69	41	41	41	0	41	41	550627	988037	1502300	701674	0	3745085
112	3742636	3	41	152301064	40.69	41	41	41	0	41	41	661359	1102442	1386131	592704	0	3745085
113	3742635	3	41	152280840	40.69	41	41	41	0	41	41	598317	1304479	1238557	601282	0	3745085
114	3742634	3	41	152365091	40.71	41	41	41	0	41	41	279432	1569956	1136171	757075	0	3745085
115	3742630	3	41	152456459	40.74	41	41	41	0	41	41	565882	1427742	1179886	569120	0	3745085
116	3742628	3	41	152508518	40.75	41	41	41	0	41	41	487326	1218543	1188334	848425	0	3745085
117	3742625	3	41	152561576	40.76	41	41	41	0	41	41	586736	1237311	1298314	620264	0	3745085
118	3742623	3	41	152569399	40.77	41	41	41	0	41	41	488777	1095530	1351296	807020	0	3745085
119	3742615	3	41	152528149	40.75	41	41	41	0	41	41	542135	1271958	1319029	609493	0	3745085
120	3742615	3	41	152590782	40.77	41	41	41	0	41	41	629021	1153155	1274433	686006	0	3745085
121	3742614	3	41	152744934	40.81	41	41	41	0	41	41	498522	1439112	1151949	653031	0	3745085
122	3742614	3	41	152802481	40.83	41	41	41	0	41	41	405505	1461500	1241627	633982	0	3745085
123	3742614	3	41	152799192	40.83	41	41	41	0	41	41	516601	1137279	1053350	1035384	0	3745085
124	3742613	3	41	152788759	40.82	41	41	41	0	41	41	645163	1442956	943659	710835	0	3745085
125	3742610	3	41	152801013	40.83	41	41	41	0	41	41	495535	1582060	1033831	631184	0	3745085
126	3742609	3	41	152836900	40.84	41	41	41	0	41	41	449257	1358097	1222962	712293	0	3745085
127	3742608	2	41	152815636	40.83	41	41	41	0	41	41	660692	1467852	1064321	549742	1	3745085
128	3742608	3	41	152780886	40.82	41	41	41	0	41	41	713111	1545918	868931	614648	0	3745085
129	3742570	3	41	152825468	40.83	41	41	41	0	41	41	539597	1366031	1141424	695518	0	3745085
130	3742570	3	41	152905981	40.86	41	41	41	0	41	41	508136	1611798	1010078	612558	0	3745085
131	3742570	3	41	152853272	40.84	41	41	41	0	41	41	436134	1410572	1202695	693169	0	3745085
132	3742570	3	41	152847589	40.84	41	41	41	0	41	41	487794	1434082	1075592	745102	0	3745085
133	3742568	3	41	152892083	40.85	41	41	41	0	41	41	508971	1488794	1074469	670334	0	3745085
134	3742538	2	41	152929227	40.86	41	41	41	0	41	41	632400	1351981	1154554	603602	1	3745085
135	3742538	3	41	152902294	40.86	41	41	41	0	41	41	688579	1490822	1076759	486378	0	3745085
136	3742538	3	41	152899047	40.85	41	41	41	0	41	41	533033	1543380	1000682	665443	0	3745085
137	3742536	3	41	152939472	40.87	41	41	41	0	41	41	641550	1538400	1002561	560025	0	3745085
138	3742510	3	41	152985448	40.88	41	41	41	0	41	41	634999	1439635	1121438	546438	0	3745085
139	3742424	3	41	152951857	40.87	41	41	41	0	41	41	407169	1421531	1218687	695037	0	3745085
140	3742312	3	41	152935862	40.87	41	41	41	0	41	41	702678	1197179	1084797	757658	0	3745085
141	3742295	3	41	152926994	40.86	41	41	41	0	41	41	755427	986053	1241200	759615	0	3745085
142	3742265	3	41	152970578	40.88	41	41	41	0	41	41	787102	1128296	965776	861091	0	3745085
143	3742058	3	41	152891971	40.86	41	41	41	0	41	41	676931	1408332	1084190	572605	0	3745085
144	3741992	3	41	152902331	40.86	41	41	41	0	41	41	709062	1330280	1109294	593356	0	3745085
145	3741527	3	41	152936291	40.88	41	41	41	0	41	41	829407	1038745	1004263	869112	0	3745085
146	3741476	3	41	152970561	40.89	41	41	41	0	41	41	746701	1386874	886848	721053	0	3745085
147	3741428	3	41	152906601	40.87	41	41	41	0	41	41	1006599	1037478	989170	708181	0	3745085
148	3741406	3	41	152962354	40.88	41	41	41	0	41	41	675865	1157910	987685	919946	0	3745085
149	3741404	3	41	152988207	40.89	41	41	41	0	41	41	943630	1119090	903317	775367	0	3745085
150	3741280	3	41	153007728	40.90	41	41	41	0	41	41	908187	987895	937436	907762	0	3745085
151	3741279	3	41	153012655	40.90	41	41	41	0	41	41	1026770	987527	829255	897727	0	3745085
152	3741249	3	41	153018319	40.90	41	41	41	0	41	41	980505	1169627	802986	788131	0	3745085
153	3741243	3	41	153012782	40.90	41	41	41	0	41	41	807934	1196718	966927	769664	0	3745085
154	3741242	3	41	153065357	40.91	41	41	41	0	41	41	961239	1296274	782316	701413	0	3745085
155	3741192	3	41	153016928	40.90	41	41	41	0	41	41	886655	966107	991462	896968	0	3745085
156	3739084	3	41	152944414	40.90	41	41	41	0	41	41	818696	1038659	916153	965576	0	3745085
157	3737328	3	41	152859484	40.90	41	41	41	0	41	41	800144	1137082	700479	1099623	0	3745085
158	3737114	3	41	152883830	40.91	41	41	41	0	41	41	858941	1176327	675580	1026266	0	3745085
159	3701457	3	41	151368366	40.89	41	41	41	0	41	41	787723	1016172	705883	1191679	0	3745085
160	3700649	3	41	151364187	40.90	41	41	41	0	41	41	739561	1131200	682588	1147300	0	3745085
161	3700345	3	41	151409035	40.92	41	41	41	0	41	41	712760	979776	873391	1134418	0	3745085
162	3700304	3	41	151398362	40.92	41	41	41	0	41	41	748338	1018255	838497	1095214	0	3745085
163	3700263	3	41	151359682	40.91	41	41	41	0	41	41	749223	967052	855256	1128732	0	3745085
164	3700203	3	41	151374807	40.91	41	41	41	0	41	41	637207	1044797	822288	1195911	0	3745085
165	3700064	3	41	151386007	40.91	41	41	41	0	41	41	666895	1013867	944577	1074725	0	3745085
166	3690195	3	41	150980941	40.91	41	41	41	0	41	41	701243	1048057	953651	987244	0	3745085
167	3689080	3	41	150929732	40.91	41	41	41	0	41	41	749551	1050355	814804	1074370	0	3745085
168	3688899	3	41	150893506	40.90	41	41	41	0	41	41	531538	982242	1086697	1088422	0	3745085
169	3688161	3	41	150872563	40.91	41	41	41	0	41	41	679549	985581	1073650	949381	0	3745085
170	3686289	3	41	150829525	40.92	41	41	41	0	41	41	726027	931835	1125270	903157	0	3745085
171	3684374	3	41	150694714	40.90	41	41	41	0	41	41	955927	695404	1104706	928337	0	3745085
172	3677579	3	41	150391328	40.89	41	41	41	0	41	41	873230	916980	966357	921012	0	3745085
173	3676384	3	41	150367999	40.90	41	41	41	0	41	41	984539	777517	951523	962805	0	3745085
174	3667747	3	41	150066872	40.92	41	41	41	0	41	41	826347	838044	888351	1115005	0	3745085
175	3666947	3	41	149976909	40.90	41	41	41	0	41	41	912361	845816	869383	1039387	0	3745085
176	3665338	3	41	149911605	40.90	41	41	41	0	41	41	935474	678806	847269	1203789	0	3745085
177	3664289	3	41	149907669	40.91	41	41	41	0	41	41	797336	746799	771755	1348399	0	3745085
178	3663226	3	41	149852275	40.91	41	41	41	0	41	41	970577	732447	838185	1122017	0	3745085
179	3662895	3	41	149843797	40.91	41	41	41	0	41	41	1133142	720750	699004	1109999	0	3745085
180	3661888	3	41	149797031	40.91	41	41	41	0	41	41	1007654	749813	704104	1200317	0	3745085
181	3658832	3	41	149674614	40.91	41	41	41	0	41	41	1294034	752050	647680	965068	0	3745085
182	3658165	3	41	149695146	40.92	41	41	41	0	41	41	1144763	682271	630863	1200268	0	3745085
183	3656293	3	41	149555969	40.90	41	41	41	0	41	41	1450802	785172	483790	936529	0	3745085
184	3650683	3	41	149317908	40.90	41	41	41	0	41	41	1394972	773730	502912	979069	0	3745085
185	3649508	3	41	149257332	40.90	41	41	41	0	41	41	865238	891997	750145	1142128	0	3745085
186	3646130	3	41	149165504	40.91	41	41	41	0	41	41	1116998	789965	644297	1094870	0	3745085
187	3642209	3	41	148915832	40.89	41	41	41	0	41	41	1195249	762814	609920	1074226	0	3745085
188	3634019	3	41	148599193	40.89	41	41	41	0	41	41	1389217	528083	553043	1163676	0	3745085
189	3633846	3	41	148640686	40.90	41	41	41	0	41	41	1306020	767178	620664	939984	0	3745085
190	3633055	3	41	148626711	40.91	41	41	41	0	41	41	1308762	833605	521198	969490	0	3745085
191	3632131	3	41	148591957	40.91	41	41	41	0	41	41	1401917	826320	464781	939113	0	3745085
192	3607620	3	41	147590962	40.91	41	41	41	0	41	41	1349854	809086	416642	1032038	0	3745085
193	3604220	3	41	147468246	40.92	41	41	41	0	41	41	1290436	784473	518687	1010624	0	3745085
194	3601731	3	41	147361138	40.91	41	41	41	0	41	41	1156132	814494	542321	1088784	0	3745085
195	3597739	3	41	147185707	40.91	41	41	41	0	41	41	1329786	746219	450313	1071421	0	3745085
196	3596532	3	41	147091405	40.90	41	41	41	0	41	41	1194522	642739	573889	1185382	0	3745085
197	3595523	3	41	147070125	40.90	41	41	41	0	41	41	1295537	672050	587602	1040334	0	3745085
198	3593972	3	41	147021136	40.91	41	41	41	0	41	41	1302125	773295	482628	1035924	0	3745085
199	3590107	3	41	146821977	40.90	41	41	41	0	41	41	1187051	885094	485309	1032653	0	3745085
200	3588204	3	41	146759854	40.90	41	41	41	0	41	41	1425653	718873	548315	895363	0	3745085
201	3583083	3	41	146554307	40.90	41	41	41	0	41	41	1366195	761123	538074	917691	0	3745085
202	3569686	3	41	146030671	40.91	41	41	41	0	41	41	1111879	898462	555806	1003539	0	3745085
203	3555817	3	41	145450558	40.90	41	41	41	0	41	41	1139726	661349	739833	1014909	0	3745085
204	3552569	3	41	145344588	40.91	41	41	41	0	41	41	1031219	870776	673937	976637	0	3745085
205	3551568	3	41	145264020	40.90	41	41	41	0	41	41	1175911	882902	694684	798071	0	3745085
206	3546241	3	41	145050154	40.90	41	41	41	0	41	41	1172516	686706	715693	971326	0	3745085
207	3537232	3	41	144701447	40.91	41	41	41	0	41	41	1263581	856534	587958	829159	0	3745085
208	3518115	3	41	143819549	40.88	41	41	41	0	41	41	1186869	835828	523559	971859	0	3745085
209	3514045	3	41	143668923	40.88	41	41	41	0	41	41	1082163	979444	549462	902976	0	3745085
210	3502784	3	41	143274919	40.90	41	41	41	0	41	41	1000904	819884	574179	1107817	0	3745085
211	3499340	3	41	143111898	40.90	41	41	41	0	41	41	1035372	882386	532560	1049022	0	3745085
212	3494678	3	41	142883360	40.89	41	41	41	0	41	41	896797	762509	765565	1069807	0	3745085
213	3481410	3	41	142375057	40.90	41	41	41	0	41	41	963238	899433	683952	934787	0	3745085
214	3444977	3	41	140877891	40.89	41	41	41	0	41	41	979854	829986	624378	1010759	0	3745085
215	3432175	3	41	140318763	40.88	41	41	41	0	41	41	894375	839339	703068	995393	0	3745085
216	3401200	3	41	139064301	40.89	41	41	41	0	41	41	891960	864843	685607	958790	0	3745085
217	3359947	3	41	137414532	40.90	41	41	41	0	41	41	1075066	698574	516067	1070240	0	3745085
218	3335743	3	41	136415264	40.90	41	41	41	0	41	41	1074985	656484	652159	952115	0	3745085
219	3207706	3	41	131202931	40.90	41	41	41	0	41	41	971043	728225	513202	995236	0	3745085
220	3159924	3	41	129233327	40.90	41	41	41	0	41	41	619831	650789	757680	1131624	0	3745085
221	3041455	3	41	124331951	40.88	41	41	41	0	41	41	683199	557101	728272	1072883	0	3745085
222	2929118	3	41	119787580	40.90	41	41	41	0	41	41	799106	568056	507577	1054379	0	3745085
223	2889592	3	41	118146703	40.89	41	41	41	0	41	41	787660	486376	522631	1092925	0	3745085
224	2821642	3	41	115368526	40.89	41	41	41	0	41	41	752406	801101	452562	815573	0	3745085
225	2728943	3	41	111564898	40.88	41	41	41	0	41	41	798187	484011	480318	966427	0	3745085
226	2645359	3	41	108171660	40.89	41	41	41	0	41	41	976484	548511	340287	780077	0	3745085
227	2541196	3	41	103911913	40.89	41	41	41	0	41	41	694615	600571	343683	902327	0	3745085
228	2474799	3	41	101181918	40.88	41	41	41	0	41	41	773556	613802	321220	766221	0	3745085
229	2400236	3	41	98141937	40.89	41	41	41	0	41	41	779467	472299	463694	684776	0	3745085
230	2346384	3	41	95946505	40.89	41	41	41	0	41	41	634029	473915	501511	736929	0	3745085
231	2285274	3	41	93462506	40.90	41	41	41	0	41	41	503789	539511	511110	730864	0	3745085
232	2207504	3	41	90232209	40.88	41	41	41	0	41	41	590238	531219	371995	714052	0	3745085
233	2188550	3	41	89472126	40.88	41	41	41	0	41	41	684712	447713	297092	759033	0	3745085
234	2156426	3	41	88166293	40.89	41	41	41	0	41	41	624491	515961	331057	684917	0	3745085
235	2120063	3	41	86643579	40.87	41	41	41	0	41	41	655523	515495	321365	627680	0	3745085
236	2004800	3	41	81949501	40.88	41	41	41	0	41	41	711856	429291	260035	603618	0	3745085
237	1955638	3	41	79931643	40.87	41	41	41	0	41	41	589050	583580	288916	494092	0	3745085
238	1889386	3	41	77241853	40.88	41	41	41	0	41	41	594891	376931	340442	577122	0	3745085
239	1863572	3	41	76200351	40.89	41	41	41	0	41	41	616710	301504	369310	576048	0	3745085
240	1805722	3	41	73816910	40.88	41	41	41	0	41	41	536720	348046	339306	581650	0	3745085
241	1792699	3	41	73263840	40.87	41	41	41	0	41	41	515966	415312	377342	484079	0	3745085
242	1782273	3	41	72857151	40.88	41	41	41	0	41	41	428254	483586	308639	561794	0	3745085
243	1768212	3	41	72248788	40.86	41	41	41	0	41	41	572517	337466	162718	695511	0	3745085
244	1733179	3	41	70843684	40.87	41	41	41	0	41	41	415757	498132	247162	572128	0	3745085
245	1687886	3	41	68941235	40.84	41	41	41	0	41	41	403000	420114	262681	602091	0	3745085
246	1632407	3	41	66713313	40.87	41	41	41	0	41	41	544291	266305	328973	492838	0	3745085
247	1563305	3	41	63873761	40.86	41	41	41	0	41	41	489033	413974	280931	379367	0	3745085
248	1529940	3	41	62512587	40.86	41	41	41	0	41	41	308954	352297	337975	530714	0	3745085
249	1522924	3	41	62243852	40.87	41	41	41	0	41	41	321228	270886	310298	620512	0	3745085
250	1513726	3	41	61868488	40.87	41	41	41	0	41	41	406768	222034	382643	502281	0	3745085
251	1476775	3	41	60361772	40.87	41	41	41	0	41	41	391953	326946	295914	461962	0	3745085
252	1455661	3	41	59481601	40.86	41	41	41	0	41	41	363939	311143	181533	599046	0	3745085
253	1430195	3	41	58439858	40.86	41	41	41	0	41	41	371695	301389	306341	450770	0	3745085
254	1361518	3	41	55634682	40.86	41	41	41	0	41	41	423633	324239	211267	402379	0	3745085
255	1342053	3	41	54815518	40.84	41	41	41	0	41	41	411333	255377	200491	474852	0	3745085
256	1314596	2	38	48392961	36.81	37	38	38	1	36	38	440673	224251	237685	411500	487	3745085
257	1219348	2	38	45163246	37.04	37	38	38	1	36	38	358840	277355	236078	346980	95	3745085
258	1201636	2	38	44476400	37.01	38	38	38	0	38	38	307816	302637	256538	334564	81	3745085
259	1185519	2	38	43713275	36.87	37	38	38	1	36	38	316815	216221	230565	421870	48	3745085
260	1178010	2	38	43213023	36.68	37	38	38	1	36	38	323636	234392	182378	437473	131	3745085
261	1152433	2	38	42325001	36.73	37	38	38	1	36	38	301638	226696	199185	424811	103	3745085
262	1131872	2	38	41672095	36.82	37	38	38	1	36	38	249912	252033	330787	299098	42	3745085
263	1123893	2	38	41095319	36.57	36	38	38	2	33	38	285606	267779	222478	347674	356	3745085
264	1062349	2	38	38922823	36.64	37	38	38	1	36	38	285081	272214	181172	323539	343	3745085
265	995216	2	38	36621222	36.80	37	38	38	1	36	38	322506	191599	196111	284962	38	3745085
266	984172	2	38	36177860	36.76	37	38	38	1	36	38	381252	213262	110264	279371	23	3745085
267	978610	2	38	35896178	36.68	37	38	38	1	36	38	318423	220310	145787	293887	203	3745085
268	936580	2	38	34438863	36.77	37	38	38	1	36	38	275221	176758	214941	269427	233	3745085
269	890547	2	38	32783778	36.81	37	38	38	1	36	38	310534	169524	162233	248119	137	3745085
270	866051	2	38	31903632	36.84	37	38	38	1	36	38	215107	229664	172929	248241	110	3745085
271	843916	2	38	31052554	36.80	37	38	38	1	36	38	174079	228850	129985	310925	77	3745085
272	826377	2	38	30424326	36.82	37	38	38	1	36	38	188213	145333	137218	355562	51	3745085
273	817446	2	38	30048782	36.76	37	38	38	1	36	38	151186	194333	135536	336242	149	3745085
274	790316	2	38	29115191	36.84	37	38	38	1	36	38	206314	221619	133542	228730	111	3745085
275	770322	2	38	28371163	36.83	37	38	38	1	36	38	292999	150567	138910	187719	127	3745085
276	745867	2	38	27537807	36.92	37	38	38	1	36	38	291611	161350	121739	171125	42	3745085
277	737560	2	38	27241456	36.93	37	38	38	1	36	38	224668	231245	94143	187434	70	3745085
278	724953	2	38	26813922	36.99	37	38	38	1	36	38	260606	185978	85687	192620	62	3745085
279	712645	2	38	26403398	37.05	37	38	38	1	36	38	306641	115589	147119	143187	109	3745085
280	695662	2	38	25774545	37.05	38	38	38	0	38	38	215685	169919	129008	180967	83	3745085
281	678360	2	38	25134157	37.05	38	38	38	0	38	38	216670	94965	161828	204879	18	3745085
282	674966	2	38	25008210	37.05	38	38	38	0	38	38	187250	174620	162475	150592	29	3745085
283	668930	2	38	24732858	36.97	37	38	38	1	36	38	195832	179163	93920	199973	42	3745085
284	661260	2	38	24448773	36.97	37	38	38	1	36	38	148266	132913	98324	281680	77	3745085
285	647919	2	38	23963452	36.99	37	38	38	1	36	38	136853	204169	68285	238538	74	3745085
286	633638	2	38	23437947	36.99	37	38	38	1	36	38	129422	149275	46707	308203	31	3745085
287	628911	2	38	23295847	37.04	38	38	38	0	38	38	123482	258003	73139	174198	89	3745085
288	613098	2	38	22772331	37.14	38	38	38	0	38	38	205318	88836	100172	218759	13	3745085
289	610110	2	38	22587950	37.02	37	38	38	1	36	38	193161	103954	92598	220380	17	3745085
290	604936	2	38	22361488	36.97	37	38	38	1	36	38	185920	119013	156136	143819	48	3745085
291	595126	2	38	21962340	36.90	37	38	38	1	36	38	220480	88645	159254	126700	47	3745085
292	585212	2	38	21302042	36.40	34	38	38	4	28	38	192733	108239	92592	191636	12	3745085
293	582316	2	38	21107865	36.25	34	38	38	4	28	38	102565	168528	97265	213824	134	3745085
294	554692	2	38	20160848	36.35	34	38	38	4	28	38	104200	172884	100927	176610	71	3745085
295	542256	2	38	19726459	36.38	34	38	38	4	28	38	134559	116429	94417	196735	116	3745085
296	525072	2	38	19060967	36.30	34	38	38	4	28	38	180148	60339	134990	149112	483	3745085
297	440206	2	38	16166026	36.72	37	38	38	1	36	38	120979	99400	52287	167429	111	3745085
298	419623	2	38	15466144	36.86	37	38	38	1	36	38	105637	140323	35887	137693	83	3745085
299	406066	2	38	15004553	36.95	37	38	38	1	36	38	104196	87017	39102	175728	23	3745085
300	402721	2	38	14863117	36.91	37	38	38	1	36	38	115255	91100	54582	141771	13	3745085
301	399681	2	38	14736021	36.87	37	38	38	1	36	38	69842	101873	67370	160542	54	3745085
302	389762	2	38	14358710	36.84	37	38	38	1	36	38	105412	79626	62701	142011	12	3745085
303	386576	2	38	14230778	36.81	37	38	38	1	36	38	109400	70851	100091	106206	28	3745085
304	380091	2	38	13916984	36.61	36	38	38	2	33	38	92916	111736	78924	96476	39	3745085
305	372325	2	38	13463481	36.16	34	38	38	4	28	38	75617	79495	42511	174663	39	3745085
306	363903	2	38	13155528	36.15	34	38	38	4	28	38	110830	84471	78086	90377	139	3745085
307	341000	2	38	12346559	36.21	34	38	38	4	28	38	98931	79108	34859	128066	36	3745085
308	336146	2	38	12213542	36.33	34	38	38	4	28	38	76652	107683	41288	110405	118	3745085
309	312018	2	38	11414236	36.58	36	38	38	2	33	38	79055	55887	125102	51773	201	3745085
310	271488	2	38	10041813	36.99	37	38	38	1	36	38	83776	59891	68090	59709	22	3745085
311	267412	2	38	9915780	37.08	38	38	38	0	38	38	95495	65373	59437	47065	42	3745085
312	259142	2	38	9611817	37.09	38	38	38	0	38	38	95750	43594	39647	80141	10	3745085
313	256584	2	38	9492350	37.00	38	38	38	0	38	38	64954	76307	41661	73655	7	3745085
314	255274	2	38	9468202	37.09	38	38	38	0	38	38	53152	67720	46042	88356	4	3745085
315	253974	2	38	9420550	37.09	38	38	38	0	38	38	39428	64280	76513	73740	13	3745085
316	252057	2	38	9331650	37.02	38	38	38	0	38	38	45051	50376	61867	94758	5	3745085
317	251214	2	38	9250507	36.82	37	38	38	1	36	38	55049	51588	41754	102783	40	3745085
318	242523	2	38	8949117	36.90	37	38	38	1	36	38	47527	45983	63791	85216	6	3745085
319	241508	2	38	8900647	36.85	37	38	38	1	36	38	57324	59491	59374	65292	27	3745085
320	235780	2	38	8569699	36.35	34	38	38	4	28	38	31986	55691	39149	108922	32	3745085
321	228601	2	38	8269249	36.17	34	38	38	4	28	38	43598	69528	28857	86588	30	3745085
322	218164	2	38	7907598	36.25	34	38	38	4	28	38	32952	56227	22185	106792	8	3745085
323	216766	2	38	7831795	36.13	34	38	38	4	28	38	25128	66925	26739	97948	26	3745085
324	212817	2	38	7689139	36.13	34	38	38	4	28	38	37139	19181	96878	59450	169	3745085
325	180708	2	38	6584414	36.44	34	38	38	4	28	38	43021	38392	69290	29947	58	3745085
326	169317	2	38	6054457	35.76	34	37	38	4	28	38	45822	52417	19493	51562	23	3745085
327	166398	2	38	5958353	35.81	34	37	38	4	28	38	18249	46525	26451	75111	62	3745085
328	155509	2	38	5562045	35.77	34	37	38	4	28	38	29582	67640	18500	39758	29	3745085
329	150767	2	38	5368692	35.61	34	37	38	4	28	38	62532	23176	20162	44848	49	3745085
330	140545	2	38	5022514	35.74	34	38	38	4	28	38	37089	70476	9541	23260	179	3745085
331	107707	2	38	3947205	36.65	37	38	38	1	36	38	28975	13297	21448	43967	20	3745085
332	104155	2	38	3834797	36.82	37	38	38	1	36	38	26767	26166	22153	29028	41	3745085
333	97212	2	38	3588415	36.91	37	38	38	1	36	38	28148	22105	19998	26957	4	3745085
334	96398	2	38	3540973	36.73	37	38	38	1	36	38	20984	10694	21860	42856	4	3745085
335	95848	2	38	3476826	36.27	34	38	38	4	28	38	21077	40388	6967	27412	4	3745085
336	94887	2	38	3437773	36.23	34	38	38	4	28	38	17955	22951	9476	44498	7	3745085
337	94045	2	38	3422856	36.40	34	38	38	4	28	38	14437	38345	12451	28810	2	3745085
338	92851	2	38	3367054	36.26	34	38	38	4	28	38	10759	19681	17828	44572	11	3745085
339	88659	2	38	3217251	36.29	34	38	38	4	28	38	19209	19211	20110	30072	57	3745085
340	77126	2	38	2837601	36.79	37	38	38	1	36	38	21204	25100	22554	8267	1	3745085
341	76631	2	38	2814184	36.72	37	38	38	1	36	38	29994	14578	20405	11646	8	3745085
342	75379	2	38	2720599	36.09	34	38	38	4	28	38	26851	23884	9670	14963	11	3745085
343	72545	2	38	2624639	36.18	34	38	38	4	28	38	7969	25885	9599	29089	3	3745085
344	71615	2	38	2594414	36.23	34	38	38	4	28	38	14091	18945	16270	22302	7	3745085
345	69969	2	38	2525394	36.09	34	38	38	4	28	38	15284	16545	14974	23162	4	3745085
346	69347	2	38	2496104	35.99	34	38	38	4	28	38	12297	26297	8664	22015	74	3745085
347	57351	2	38	2098909	36.60	37	38	38	1	36	38	8233	22059	11582	15473	4	3745085
348	56483	2	38	2065623	36.57	37	38	38	1	36	38	13171	10363	16996	15952	1	3745085
349	56193	2	38	2053900	36.55	37	38	38	1	36	38	19714	17105	6916	12448	10	3745085
350	54659	2	38	1993138	36.46	36	38	38	2	33	38	7455	16085	5700	25418	1	3745085
351	54506	2	38	1989173	36.49	37	38	38	1	36	38	13383	17318	6802	16990	13	3745085
352	51520	9	38	1890699	36.70	37	38	38	1	36	38	10190	8944	11714	20672	0	3745085
353	51430	2	38	1883613	36.62	37	38	38	1	36	38	10221	15425	13165	12615	4	3745085
354	51176	2	38	1857913	36.30	35	38	38	3	31	38	6569	4815	21361	18415	16	3745085
355	47796	10	38	1721565	36.02	34	38	38	4	28	38	5044	9094	11900	21758	0	3745085
356	47665	2	38	1717211	36.03	34	38	38	4	28	38	14167	9160	11075	13259	4	3745085
357	47027	2	38	1691057	35.96	34	38	38	4	28	38	5417	10133	12469	19000	8	3745085
358	45098	2	38	1578253	35.00	34	35	38	4	28	38	6603	25301	2145	11031	18	3745085
359	42194	2	38	1484416	35.18	34	37	38	4	28	38	3848	8119	2387	27813	27	3745085
360	37261	2	38	1319694	35.42	34	37	38	4	28	38	4776	19384	3367	9721	13	3745085
361	35057	2	38	1244973	35.51	34	38	38	4	28	38	8669	3537	4217	18631	3	3745085
362	34627	2	38	1225354	35.39	34	38	38	4	28	38	8105	8823	4549	13106	44	3745085
363	26599	10	38	960385	36.11	37	38	38	1	36	38	8035	5222	7069	6273	0	3745085
364	26453	10	38	953170	36.03	36	38	38	2	33	38	5624	5082	8557	7190	0	3745085
365	26420	10	38	936718	35.45	34	37	38	4	28	38	3690	5768	1767	15195	0	3745085
366	26362	10	38	926040	35.13	34	37	38	4	28	38	6035	5967	1698	12662	0	3745085
367	26324	2	38	925878	35.17	34	37	38	4	28	38	6622	9634	4239	5816	13	3745085
368	23886	2	38	852394	35.69	34	37	38	4	28	38	8609	2163	2204	10909	1	3745085
369	23562	2	38	829654	35.21	34	37	38	4	28	38	7989	2751	7654	5147	21	3745085
370	18367	10	38	654579	35.64	36	38	38	2	33	38	7504	3662	1836	5365	0	3745085
371	18292	10	38	656563	35.89	37	38	38	1	36	38	6009	3138	1661	7484	0	3745085
372	18148	10	38	655037	36.09	37	38	38	1	36	38	4881	3166	1127	8974	0	3745085
373	18143	9	38	650018	35.83	37	38	38	1	36	38	5065	3276	1789	8013	0	3745085
374	18136	2	38	647253	35.69	36	38	38	2	33	38	4364	2323	2214	9234	1	3745085
375	17865	10	38	648959	36.33	37	38	38	1	36	38	4980	2980	5564	4341	0	3745085
376	17824	2	38	646802	36.29	37	38	38	1	36	38	7921	1973	4889	3040	1	3745085
377	17797	10	38	640988	36.02	37	38	38	1	36	38	6357	6335	1387	3718	0	3745085
378	17783	2	38	639122	35.94	37	38	38	1	36	38	4886	3193	4227	5476	1	3745085
379	17693	2	38	627810	35.48	36	38	38	2	33	38	3571	4309	2952	6859	2	3745085
380	17119	10	38	615833	35.97	37	38	38	1	36	38	5638	5973	1070	4438	0	3745085
381	17083	10	38	607582	35.57	36	38	38	2	33	38	4535	2016	3824	6708	0	3745085
382	17066	10	38	608824	35.67	36	38	38	2	33	38	4277	2373	2690	7726	0	3745085
383	17024	2	38	614161	36.08	37	38	38	1	36	38	2646	7041	3341	3995	1	3745085
384	16952	10	38	612565	36.14	37	38	38	1	36	38	3705	6285	1994	4968	0	3745085
385	16834	10	38	607662	36.10	37	38	38	1	36	38	5660	1172	5908	4094	0	3745085
386	16788	2	38	604204	35.99	36	38	38	2	33	38	7579	3206	2720	3281	2	3745085
387	16712	10	38	601455	35.99	36	38	38	2	33	38	5647	3172	4466	3427	0	3745085
388	16677	2	38	597763	35.84	36	38	38	2	33	38	7778	2396	2009	4493	1	3745085
389	16245	2	38	590290	36.34	37	38	38	1	36	38	2527	4954	5545	3216	3	3745085
390	15638	10	38	572446	36.61	37	38	38	1	36	38	3879	4780	4885	2094	0	3745085
391	15616	2	38	571005	36.57	37	38	38	1	36	38	5153	2289	3899	4274	1	3745085
392	15433	10	38	564953	36.61	37	38	38	1	36	38	10365	1719	1278	2071	0	3745085
393	15412	10	38	557270	36.16	37	38	38	1	36	38	4579	1351	2125	7357	0	3745085
394	15409	10	38	557645	36.19	37	38	38	1	36	38	3296	5193	2104	4816	0	3745085
395	15398	10	38	562027	36.50	37	38	38	1	36	38	6650	1623	2286	4839	0	3745085
396	15397	10	38	562881	36.56	37	38	38	1	36	38	6677	2159	2530	4031	0	3745085
397	15376	2	38	562715	36.60	37	38	38	1	36	38	8094	1287	1789	4204	2	3745085
398	14972	10	38	548179	36.61	37	38	38	1	36	38	6756	1156	611	6449	0	3745085
399	14907	10	38	544148	36.50	37	38	38	1	36	38	7992	1318	2050	3547	0	3745085
400	14695	2	38	537979	36.61	37	38	38	1	36	38	5091	2846	4448	2308	2	3745085
401	14382	10	38	525459	36.54	37	38	38	1	36	38	4943	2543	293	6603	0	3745085
402	14378	2	38	523133	36.38	37	38	38	1	36	38	5237	650	414	8076	1	3745085
403	14285	10	38	521833	36.53	37	38	38	1	36	38	7691	1848	695	4051	0	3745085
404	14279	10	38	519870	36.41	37	38	38	1	36	38	7203	1441	823	4812	0	3745085
405	14244	2	38	519096	36.44	37	38	38	1	36	38	6952	2495	1936	2855	6	3745085
406	13018	10	38	477261	36.66	37	38	38	1	36	38	9809	736	596	1877	0	3745085
407	12949	10	38	476088	36.77	37	38	38	1	36	38	6200	4114	398	2237	0	3745085
408	12938	2	38	471738	36.46	37	38	38	1	36	38	4737	2290	161	5749	1	3745085
409	12758	2	38	466939	36.60	37	38	38	1	36	38	4864	2113	139	5640	2	3745085
410	12621	2	38	464588	36.81	37	38	38	1	36	38	4781	1434	190	6215	1	3745085
411	12596	2	38	465465	36.95	37	38	38	1	36	38	2291	6198	334	3772	1	3745085
412	12580	10	38	466190	37.06	38	38	38	0	38	38	5526	1432	1514	4108	0	3745085
413	12576	10	38	466654	37.11	37	38	38	1	36	38	6579	1401	1836	2760	0	3745085
414	12525	10	38	464701	37.10	37	38	38	1	36	38	5606	4016	754	2149	0	3745085
415	12524	10	38	462600	36.94	37	38	38	1	36	38	6698	2905	698	2223	0	3745085
416	12514	10	38	463054	37.00	37	38	38	1	36	38	6580	3250	925	1759	0	3745085
417	12502	10	38	460906	36.87	37	38	38	1	36	38	3628	4578	931	3365	0	3745085
418	12418	11	38	459365	36.99	37	38	38	1	36	38	2965	3620	3318	2515	0	3745085
419	12257	2	38	454850	37.11	38	38	38	0	38	38	2441	2121	3912	3781	2	3745085
420	11872	2	38	442115	37.24	38	38	38	0	38	38	5189	2010	1672	2999	2	3745085
421	11675	2	38	436005	37.35	38	38	38	0	38	38	1921	1955	2849	4949	1	3745085
422	11457	10	38	428750	37.42	38	38	38	0	38	38	2517	4858	2657	1425	0	3745085
423	11427	10	38	422556	36.98	37	38	38	1	36	38	2058	1680	1275	6414	0	3745085
424	11421	10	38	423167	37.05	37	38	38	1	36	38	3086	5298	315	2722	0	3745085
425	11415	10	38	422653	37.03	37	38	38	1	36	38	1844	2960	990	5621	0	3745085
426	11407	10	38	422733	37.06	37	38	38	1	36	38	1387	3147	1599	5274	0	3745085
427	11325	2	38	418400	36.94	37	38	38	1	36	38	977	1445	5722	3175	6	3745085
428	10193	11	38	380972	37.38	38	38	38	0	38	38	1357	1734	4693	2409	0	3745085
429	10189	2	38	367885	36.11	34	38	38	4	28	38	1220	1362	2382	5223	2	3745085
430	10067	11	38	362149	35.97	34	37	38	4	28	38	505	1310	2076	6176	0	3745085
431	10023	2	38	356574	35.58	34	34	38	4	28	38	569	4151	2644	2653	6	3745085
432	9434	2	38	334709	35.48	34	34	38	4	28	38	299	1664	1679	5791	1	3745085
433	9293	2	38	325289	35.00	34	34	38	4	28	38	423	2248	3311	3305	6	3745085
434	6169	2	38	219998	35.66	34	37	38	4	28	38	19	1042	815	4291	2	3745085
435	5780	2	38	207190	35.85	34	37	38	4	28	38	66	1997	1858	1855	4	3745085
436	4788	11	38	172383	36.00	34	38	38	4	28	38	67	271	1687	2763	0	3745085
437	4424	2	38	155941	35.25	34	37	38	4	28	38	12	1607	1231	1562	12	3745085
438	3351	11	38	119451	35.65	34	34	38	4	28	38	27	388	917	2019	0	3745085
439	3305	2	38	116195	35.16	34	34	38	4	28	38	4	710	719	1871	1	3745085
440	3219	2	38	111110	34.52	34	34	34	0	34	34	8	1043	648	1519	1	3745085
441	2977	2	38	101176	33.99	34	34	34	0	34	34	3	966	520	1484	4	3745085
442	2377	2	38	79995	33.65	34	34	34	0	34	34	3	708	553	1110	3	3745085
443	1636	2	38	55020	33.63	34	34	34	0	34	34	1	508	267	857	3	3745085
444	1208	2	38	40826	33.80	34	34	34	0	34	34	0	621	304	281	2	3745085
445	763	2	34	25517	33.44	34	34	34	0	34	34	0	52	187	523	1	3745085
446	542	2	34	18014	33.24	34	34	34	0	34	34	8	62	396	70	6	3745085
447	127	11	34	4172	32.85	34	34	34	0	34	34	0	118	7	2	0	3745085
448	116	12	34	3724	32.10	34	34	34	0	34	34	46	4	5	61	0	3745085
449	64	12	34	2084	32.56	34	34	34	0	34	34	0	20	43	1	0	3745085
