column	count	min	max	sum	mean	Q1	med	Q3	IQR	lW	rW	A_Count	C_Count	G_Count	T_Count	N_Count	Max_count
1	14813290	3	41	493445930	33.31	34	34	34	0	34	34	6794983	5066054	1950695	1001558	0	14813290
2	14813290	3	41	495002635	33.42	34	34	34	0	34	34	2831291	5374528	3696811	2910660	0	14813290
3	14813290	4	41	493975864	33.35	34	34	34	0	34	34	1729548	4344506	3441659	5297577	0	14813290
4	14813290	4	41	495662039	33.46	34	34	34	0	34	34	1948542	7187440	4308603	1368705	0	14813290
5	14813290	4	41	491997418	33.21	34	34	34	0	34	34	8373874	1759494	1669084	3010838	0	14813290
6	14813290	3	41	542516333	36.62	37	38	38	1	36	39	2617693	3558459	908659	7728479	0	14813290
7	14813290	12	41	498175717	33.63	34	34	34	0	34	34	5408020	3879092	2560273	2965905	0	14813290
8	14813290	12	41	498309158	33.64	34	34	34	0	34	34	6075463	1441305	2354409	4942113	0	14813290
9	14813290	12	41	498204931	33.63	34	34	34	0	34	34	4483674	3942028	1699598	4687990	0	14813290
10	14813290	4	41	498986081	33.69	34	34	34	0	34	34	4824450	3376779	2049602	4562459	0	14813290
11	14813290	11	41	499415665	33.71	34	34	34	0	34	34	4638330	5136326	3005737	2032897	0	14813290
12	14813290	10	41	554219509	37.41	38	38	38	0	38	38	3285106	3063692	4975614	3488878	0	14813290
13	14813290	10	41	553126858	37.34	38	38	38	0	38	38	484672	465183	13428295	435140	0	14813290
14	14813290	10	41	555593923	37.51	38	38	38	0	38	38	466305	13409411	392193	545381	0	14813290
15	14813290	10	41	556492843	37.57	38	38	38	0	38	38	457725	404596	499422	13451547	0	14813290
16	14813290	10	41	554529611	37.43	38	38	38	0	38	38	480100	502230	13402829	428131	0	14813290
17	14813290	10	41	557633700	37.64	38	38	38	0	38	38	462273	13373745	511425	465847	0	14813290
18	14813290	10	41	557618858	37.64	38	38	38	0	38	38	472777	373415	13367965	599133	0	14813290
19	14813290	10	41	555507366	37.50	38	38	38	0	38	38	479662	398600	363971	13571057	0	14813290
20	14813290	10	41	553003534	37.33	38	38	38	0	38	38	481506	544177	352756	13434851	0	14813290
21	14813290	10	41	554544845	37.44	38	38	38	0	38	38	464543	13344588	350807	653352	0	14813290
22	14813290	3	41	555999586	37.53	38	38	38	0	38	38	485197	419485	355325	13553283	0	14813290
23	14813290	10	41	554480890	37.43	38	38	38	0	38	38	515039	585870	370407	13341974	0	14813290
24	14813290	10	41	556538943	37.57	38	38	38	0	38	38	699336	13294372	357260	462322	0	14813290
25	14813290	10	41	554678292	37.44	38	38	38	0	38	38	13372356	406129	387543	647262	0	14813290
26	14813290	10	41	554345734	37.42	38	38	38	0	38	38	493272	624864	407252	13287902	0	14813290
27	14813290	10	41	554601287	37.44	38	38	38	0	38	38	511355	13230547	623223	448165	0	14813290
28	14813290	10	41	555632776	37.51	38	38	38	0	38	38	766879	375527	13229523	441361	0	14813290
29	14813290	10	41	548988107	37.06	38	38	38	0	38	38	13317135	380958	431695	683502	0	14813290
30	14813290	10	41	555131753	37.48	38	38	38	0	38	38	486221	423316	665290	13238463	0	14813290
31	14813290	10	41	555584329	37.51	38	38	38	0	38	38	499143	684760	13216965	412422	0	14813290
32	14813290	10	41	557590242	37.64	38	38	38	0	38	38	518587	13472420	403139	419144	0	14813290
33	14813290	4	41	553003598	37.33	38	38	38	0	38	38	824655	12076794	1273281	638560	0	14813290
34	14813290	10	41	553157670	37.34	38	38	38	0	38	38	12724327	535009	1106863	447091	0	14813290
35	14813290	10	41	554598402	37.44	38	38	38	0	38	38	888581	412419	13089442	422848	0	14813290
36	14813290	5	41	548644443	37.04	38	38	38	0	38	38	13464365	425862	509689	413374	0	14813290
37	14813290	10	41	548213255	37.01	38	38	38	0	38	38	9600408	715035	4089846	408001	0	14813290
38	14813290	3	41	553457279	37.36	38	38	38	0	38	38	543157	13434986	422250	412897	0	14813290
39	14813290	3	41	555168629	37.48	38	38	38	0	38	38	813200	13147093	383144	469853	0	14813290
40	14813290	9	41	547791224	36.98	38	38	38	0	38	38	13214993	391968	723762	482567	0	14813290
41	14813290	10	41	544726273	36.77	37	38	38	1	36	39	13262056	375113	763430	412691	0	14813290
42	14813290	10	41	552407397	37.29	37	38	38	1	36	39	811166	364185	13220955	416984	0	14813290
43	14813290	5	41	549063481	37.07	37	38	38	1	36	39	13228997	422158	733891	428244	0	14813290
44	14813290	10	41	549288622	37.08	38	38	38	0	38	38	844571	380489	12828970	759260	0	14813290
45	14813289	10	41	550644824	37.17	38	38	38	0	38	38	13199503	419100	423510	771176	0	14813290
46	14813289	10	41	553213427	37.35	38	38	38	0	38	38	533159	734403	378267	13167460	0	14813290
47	14813289	10	41	555155106	37.48	38	38	38	0	38	38	487488	13434129	442340	449332	0	14813290
48	14813289	3	41	556490530	37.57	38	38	38	0	38	38	520484	13131521	679464	481820	0	14813290
49	14813289	10	41	550079228	37.13	38	38	38	0	38	38	2059509	379249	11609482	765049	0	14813290
50	14813289	5	41	551483637	37.23	37	38	38	1	36	39	484225	388350	470008	13470706	0	14813290
51	14813289	10	41	548237143	37.01	38	38	38	0	38	38	524204	431735	687006	13170344	0	14813290
52	14813289	9	41	547537689	36.96	38	38	38	0	38	38	548415	368556	13130541	765777	0	14813290
53	14813289	5	41	551320670	37.22	38	38	38	0	38	38	508026	865524	418895	13020844	0	14813290
54	14813289	10	41	548971206	37.06	38	38	38	0	38	38	612635	758273	643211	12799170	0	14813290
55	14813289	3	41	549598616	37.10	37	38	38	1	36	39	2348741	359760	11681776	423012	0	14813290
56	14813289	3	41	545233234	36.81	37	38	38	1	36	39	13520301	387718	435395	469875	0	14813290
57	14813289	3	41	542822757	36.64	37	38	38	1	36	39	13152289	437912	779565	443523	0	14813290
58	14813289	3	41	543818093	36.71	37	38	38	1	36	39	13120025	392414	833747	467103	0	14813290
59	14813289	9	41	547620311	36.97	37	38	38	1	36	39	541247	505117	12981430	785495	0	14813290
60	14813289	3	41	551901504	37.26	37	38	38	1	36	39	482977	399422	391361	13539529	0	14813290
61	14813289	7	41	548342546	37.02	38	38	38	0	38	38	493894	681060	415076	13223259	0	14813290
62	14813289	3	41	547577504	36.97	38	38	38	0	38	38	731980	393168	1716786	11971355	0	14813290
63	14813289	3	41	548527241	37.03	38	38	38	0	38	38	589796	417590	764998	13040905	0	14813290
64	14813289	3	41	546333244	36.88	37	38	38	1	36	39	3736890	496063	8395527	2184809	0	14813290
65	14813289	3	41	544477115	36.76	37	38	38	1	36	39	9920682	692256	1317288	2883063	0	14813290
66	14813289	3	41	546105804	36.87	37	38	38	1	36	39	1600233	4621684	471917	8119455	0	14813290
67	14813289	3	41	546181123	36.87	37	38	38	1	36	39	1297625	921077	1376624	11217963	0	14813290
68	14813289	3	41	546945009	36.92	37	38	38	1	36	39	4090199	2482894	2301777	5938419	0	14813290
69	14813289	3	41	545166812	36.80	37	38	38	1	36	39	7529836	584799	1560681	5137973	0	14813290
70	14813289	3	41	545008048	36.79	37	38	38	1	36	39	1775798	1493289	627885	10916317	0	14813290
71	14813289	3	41	542896210	36.65	37	38	38	1	36	39	1424840	1339359	752256	11296834	0	14813290
72	14813289	3	41	543709796	36.70	37	38	38	1	36	39	3793116	819091	2664513	7536569	0	14813290
73	14813289	2	41	545841978	36.85	37	38	38	1	36	39	4065802	2425031	3665507	4656948	1	14813290
74	14813289	3	41	544462597	36.76	37	38	38	1	36	39	4662393	1689481	2202843	6258572	0	14813290
75	14813289	3	41	544005741	36.72	37	38	38	1	36	39	4802421	1173635	1501484	7335749	0	14813290
76	14813289	3	41	547740556	36.98	37	38	38	1	36	39	3136538	1520310	2857689	7298752	0	14813290
77	14813289	3	41	547547669	36.96	37	38	38	1	36	39	3802547	1192755	3474347	6343640	0	14813290
78	14813289	3	41	546391296	36.89	37	38	38	1	36	39	4826641	1149701	3453034	5383913	0	14813290
79	14813288	3	41	543719309	36.70	37	38	38	1	36	39	4155273	3378300	2747749	4531966	0	14813290
80	14813288	3	41	545788625	36.84	37	38	38	1	36	39	2868870	4870396	2646996	4427026	0	14813290
81	14813288	3	41	545131778	36.80	37	38	38	1	36	39	3969611	3495538	1543313	5804826	0	14813290
82	14813288	3	41	545249478	36.81	37	38	38	1	36	39	3968224	6011960	1442700	3390404	0	14813290
83	14813288	3	41	541442929	36.55	37	38	38	1	36	39	2125897	6152837	1594531	4940023	0	14813290
84	14813288	3	41	544018812	36.73	37	38	38	1	36	39	3558386	5196049	3289295	2769558	0	14813290
85	14813288	2	41	546282654	36.88	37	38	38	1	36	39	5906408	3035995	3787678	2083205	2	14813290
86	14813288	3	41	546713948	36.91	38	38	38	0	38	38	5059911	3448500	4911680	1393197	0	14813290
87	14813288	3	41	543598068	36.70	37	38	38	1	36	39	4908797	3290886	4841261	1772344	0	14813290
88	14813288	2	41	543939491	36.72	37	38	38	1	36	39	5086473	2683983	5011392	2031439	1	14813290
89	14813288	2	41	545150995	36.80	37	38	38	1	36	39	4949583	4388748	3353061	2121895	1	14813290
90	14813288	3	41	542225535	36.60	37	38	38	1	36	39	5618576	2942082	2598205	3654425	0	14813290
91	14813288	3	41	539392546	36.41	37	38	38	1	36	39	6047214	2755911	2928656	3081507	0	14813290
92	14813288	3	41	542266460	36.61	37	38	38	1	36	39	5806488	4282101	2124659	2600040	0	14813290
93	14813288	3	41	544841196	36.78	37	38	38	1	36	39	6872906	4510704	1996751	1432927	0	14813290
94	14813288	3	41	544295358	36.74	37	38	38	1	36	39	5069565	3112532	3153302	3477889	0	14813290
95	14813288	3	41	544723328	36.77	37	38	38	1	36	39	3806424	3682269	3606166	3718429	0	14813290
96	14813288	3	41	544384294	36.75	37	38	38	1	36	39	4239652	3706321	4458315	2409000	0	14813290
97	14813288	3	41	543909151	36.72	37	38	38	1	36	39	5966054	2344334	3213322	3289578	0	14813290
98	14813288	3	41	543375256	36.68	37	38	38	1	36	39	5101553	2928943	2865950	3916842	0	14813290
99	14813288	3	41	544445862	36.75	37	38	38	1	36	39	6145632	1359586	2939436	4368634	0	14813290
100	14813288	3	41	544968396	36.79	37	38	38	1	36	39	5513138	1609826	5059844	2630480	0	14813290
101	14813288	3	41	545699875	36.84	37	38	38	1	36	39	6067744	1521194	4188342	3036008	0	14813290
102	14813288	3	41	545436769	36.82	37	38	38	1	36	39	4682714	2852837	3210747	4066990	0	14813290
103	14813287	2	41	544279602	36.74	37	38	38	1	36	39	4074358	3200866	2356221	5181841	1	14813290
104	14813287	2	41	544020421	36.73	37	38	38	1	36	39	4659733	2756712	4041305	3355536	1	14813290
105	14813287	3	41	541560439	36.56	37	38	38	1	36	39	4980477	2352139	4509428	2971243	0	14813290
106	14813287	3	41	540213006	36.47	37	38	38	1	36	39	5467194	976632	4398224	3971237	0	14813290
107	14813287	2	41	540568652	36.49	37	38	38	1	36	39	4719053	1261679	3731291	5101263	1	14813290
108	14813287	2	41	541548919	36.56	37	38	38	1	36	39	3894446	919869	5594072	4404899	1	14813290
109	14813286	3	41	543238510	36.67	37	38	38	1	36	39	3890604	1541159	5156713	4224810	0	14813290
110	14813285	3	41	544771907	36.78	37	38	38	1	36	39	3040109	2142142	3816074	5814960	0	14813290
111	14813285	3	41	545605960	36.83	37	38	38	1	36	39	2477859	2788583	3997790	5549053	0	14813290
112	14813285	3	41	546314521	36.88	37	38	38	1	36	39	3314658	2242253	3760462	5495912	0	14813290
113	14813284	2	41	545994331	36.86	37	38	38	1	36	39	2162422	2807591	6024702	3818568	1	14813290
114	14813284	2	41	548383022	37.02	37	38	38	1	36	39	2148279	3091624	4958978	4614402	1	14813290
115	14813284	3	41	550319552	37.15	37	38	38	1	36	39	1671955	3104848	5663233	4373248	0	14813290
116	14813284	3	41	550709474	37.18	37	38	38	1	36	39	2634524	3822892	4691411	3664457	0	14813290
117	14813284	2	41	550491093	37.16	37	38	38	1	36	39	1626010	4771258	4689290	3726725	1	14813290
118	14813284	3	41	551329719	37.22	37	38	38	1	36	39	1587507	5908023	3942618	3375136	0	14813290
119	14813284	3	41	555205576	37.48	38	38	38	0	38	38	1824869	5933273	4365733	2689409	0	14813290
120	14813284	2	41	555506304	37.50	38	38	38	0	38	38	1466708	4641183	5094823	3610567	3	14813290
121	14813284	3	41	555416159	37.49	38	38	38	0	38	38	1101091	4516237	6163402	3032554	0	14813290
122	14813284	3	41	556673213	37.58	38	38	38	0	38	38	1271288	6293738	5662822	1585436	0	14813290
123	14813284	3	41	555861875	37.52	38	38	38	0	38	38	1525726	4791009	7144468	1352081	0	14813290
124	14813284	3	41	555898006	37.53	38	38	41	3	34	41	1858699	4825764	7121826	1006995	0	14813290
125	14813284	3	41	557615155	37.64	38	38	41	3	34	41	1708760	3992922	8038612	1072990	0	14813290
126	14813283	3	41	558535561	37.71	38	38	41	3	34	41	1405574	4466833	6770483	2170393	0	14813290
127	14813283	3	41	559245056	37.75	38	38	41	3	34	41	1194235	4414159	7945056	1259833	0	14813290
128	14813283	2	41	559806939	37.79	38	38	41	3	34	41	2282249	5946351	5098026	1486656	1	14813290
129	14813283	2	41	558947818	37.73	38	38	41	3	34	41	2531742	6600131	4195961	1485448	1	14813290
130	14813283	3	41	561296340	37.89	38	38	41	3	34	41	1254382	6543630	5416415	1598856	0	14813290
131	14813283	3	41	560577989	37.84	38	38	41	3	34	41	1814969	4864470	4945048	3188796	0	14813290
132	14813282	2	41	561967622	37.94	38	38	41	3	34	41	2438780	5468833	5058107	1847561	1	14813290
133	14813281	3	41	562617635	37.98	38	38	41	3	34	41	2108702	3999452	6314025	2391102	0	14813290
134	14813281	2	41	562220082	37.95	38	38	41	3	34	41	3120950	5307227	4665338	1719765	1	14813290
135	14813281	2	41	562918047	38.00	38	38	41	3	34	41	1635582	5182021	6060822	1934854	2	14813290
136	14813280	3	41	562868574	38.00	38	38	41	3	34	41	2191221	6958305	4651611	1012143	0	14813290
137	14813280	2	41	562565042	37.98	38	38	41	3	34	41	2026088	6061875	5351559	1373757	1	14813290
138	14813280	2	41	563026098	38.01	38	38	41	3	34	41	1869820	4084363	7042641	1816455	1	14813290
139	14813279	3	41	563995558	38.07	38	38	41	3	34	41	2325485	7132120	4145192	1210482	0	14813290
140	14813278	2	41	563788462	38.06	38	38	41	3	34	41	2039306	6239970	4251724	2282277	1	14813290
141	14813278	3	41	567039934	38.28	38	38	41	3	34	41	2586661	4197593	6364165	1664859	0	14813290
142	14813278	3	41	565758181	38.19	38	38	41	3	34	41	2787346	4362824	5935385	1727723	0	14813290
143	14813278	2	41	567240188	38.29	38	38	41	3	34	41	2732689	4215383	6389414	1475791	1	14813290
144	14813278	3	41	569078770	38.42	38	38	41	3	34	41	2341270	3517986	6817494	2136528	0	14813290
145	14813278	3	41	569817835	38.47	38	38	41	3	34	41	1545648	3582666	6501100	3183864	0	14813290
146	14813277	3	41	569773463	38.46	38	40	41	3	34	41	2280970	4491240	5977823	2063244	0	14813290
147	14813276	2	41	570538194	38.52	38	41	41	3	34	41	2704922	5601815	5253042	1253496	1	14813290
148	14813271	3	41	572565150	38.65	38	41	41	3	34	41	2117787	5710265	5306682	1678537	0	14813290
149	14813271	3	41	572719982	38.66	38	41	41	3	34	41	1849741	4556966	7058008	1348556	0	14813290
150	14813271	3	41	571284046	38.57	38	41	41	3	34	41	3255507	4835301	4962141	1760322	0	14813290
151	14813269	2	41	572675486	38.66	38	41	41	3	34	41	2432462	5628524	5431017	1321265	1	14813290
152	14813268	2	41	573522863	38.72	38	41	41	3	34	41	2074820	4611597	5146197	2980653	1	14813290
153	14813267	2	41	576114664	38.89	38	41	41	3	34	41	2196894	4065309	6168485	2382575	4	14813290
154	14813267	2	41	576694282	38.93	38	41	41	3	34	41	4287715	4196066	4908109	1421376	1	14813290
155	14813266	3	41	577639494	38.99	38	41	41	3	34	41	4333074	3666516	5362889	1450787	0	14813290
156	14813265	2	41	578388606	39.05	38	41	41	3	34	41	2391516	3205695	8121823	1094230	1	14813290
157	14813263	2	41	578408149	39.05	38	41	41	3	34	41	3236832	5266166	5190800	1119462	3	14813290
158	14813262	3	41	579277739	39.11	38	41	41	3	34	41	3677176	4102328	5396526	1637232	0	14813290
159	14813262	2	41	580561028	39.19	38	41	41	3	34	41	4113567	3011605	5485425	2202661	4	14813290
160	14813262	2	41	580728910	39.20	38	41	41	3	34	41	3087385	3523331	6443394	1759150	2	14813290
161	14813262	2	41	581583195	39.26	38	41	41	3	34	41	3016177	5072753	4981101	1743230	1	14813290
162	14813260	2	41	580632211	39.20	38	41	41	3	34	41	4645930	3248242	5098047	1821019	22	14813290
163	14813259	2	41	581714776	39.27	38	41	41	3	34	41	3221808	4030239	5081384	2479826	2	14813290
164	14813259	2	41	581885362	39.28	38	41	41	3	34	41	4855535	4173635	4214428	1569660	1	14813290
165	14813259	2	41	583655533	39.40	38	41	41	3	34	41	3342454	3426610	5806963	2237231	1	14813290
166	14813259	2	41	584206026	39.44	38	41	41	3	34	41	2748957	3801473	6065939	2196889	1	14813290
167	14813259	2	41	585040519	39.49	38	41	41	3	34	41	3422032	3765431	5142698	2483097	1	14813290
168	14813259	2	41	584308271	39.44	38	41	41	3	34	41	2682198	3533969	5916074	2681017	1	14813290
169	14813258	3	41	584919366	39.49	38	41	41	3	34	41	4331486	3683127	4399953	2398692	0	14813290
170	14813258	2	41	585297441	39.51	41	41	41	0	41	41	2970140	3385280	6245293	2212544	1	14813290
171	14813257	2	41	585723101	39.54	41	41	41	0	41	41	3354517	4674787	4072503	2711449	1	14813290
172	14813253	2	41	587248520	39.64	41	41	41	0	41	41	2915090	5539067	3519851	2839244	1	14813290
173	14813252	2	41	586608605	39.60	41	41	41	0	41	41	2961243	4540171	4124284	3187551	3	14813290
174	14813252	2	41	587567036	39.66	41	41	41	0	41	41	4466849	4238972	4597517	1509913	1	14813290
175	14813252	2	41	585899568	39.55	41	41	41	0	41	41	4203766	3849065	3956696	2803722	3	14813290
176	14813245	2	41	586396012	39.59	41	41	41	0	41	41	3386653	3417904	5001032	3007655	1	14813290
177	14813239	2	41	587097725	39.63	41	41	41	0	41	41	2980863	4190603	4244710	3397062	1	14813290
178	14813237	2	41	587548643	39.66	41	41	41	0	41	41	3239100	4462370	4336277	2775487	3	14813290
179	14813234	2	41	587195513	39.64	41	41	41	0	41	41	3206457	3473762	5858643	2274367	5	14813290
180	14813232	2	41	586411670	39.59	41	41	41	0	41	41	3009605	3526700	4751574	3525349	4	14813290
181	14813231	2	41	587321087	39.65	41	41	41	0	41	41	3324741	2899670	5017950	3570864	6	14813290
182	14813229	2	41	587332705	39.65	41	41	41	0	41	41	2534888	3520478	5756378	3001482	3	14813290
183	14813226	2	41	586574732	39.60	41	41	41	0	41	41	3093336	3796259	6030114	1893514	3	14813290
184	14813225	2	41	585551362	39.53	41	41	41	0	41	41	4900144	2058434	4672790	3181847	10	14813290
185	14813223	2	41	587383330	39.65	41	41	41	0	41	41	4490283	2951174	4292082	3079677	7	14813290
186	14813221	2	41	588166733	39.71	41	41	41	0	41	41	2078381	4162282	6480795	2091746	17	14813290
187	14813219	2	41	586870012	39.62	41	41	41	0	41	41	3015595	4254648	5128628	2414328	20	14813290
188	14813218	2	41	587195079	39.64	41	41	41	0	41	41	4075635	3238936	5102577	2396049	21	14813290
189	14813216	2	41	587824443	39.68	41	41	41	0	41	41	4010338	3187496	5279810	2335558	14	14813290
190	14813214	2	41	589160693	39.77	41	41	41	0	41	41	2720447	4175210	4992466	2925085	6	14813290
191	14813211	2	41	588277404	39.71	41	41	41	0	41	41	3387390	3382742	4457116	3585959	4	14813290
192	14813208	2	41	589241583	39.78	41	41	41	0	41	41	2288222	4606263	5719528	2199190	5	14813290
193	14813205	2	41	589162478	39.77	41	41	41	0	41	41	3848478	4754428	3841160	2369137	2	14813290
194	14813203	2	41	589310307	39.78	41	41	41	0	41	41	3006858	5771228	3066302	2968805	10	14813290
195	14813200	2	41	589755215	39.81	41	41	41	0	41	41	4628911	3884503	4247771	2052013	2	14813290
196	14813199	2	41	589574429	39.80	41	41	41	0	41	41	3707711	4294248	4137247	2673989	4	14813290
197	14813194	2	41	589799581	39.82	41	41	41	0	41	41	3602776	3855388	5676943	1678074	13	14813290
198	14813192	2	41	589413988	39.79	41	41	41	0	41	41	2975805	4179101	4917458	2740816	12	14813290
199	14813188	2	41	589402934	39.79	41	41	41	0	41	41	2499078	4088660	4239807	3985631	12	14813290
200	14813187	2	41	589465106	39.79	41	41	41	0	41	41	4174528	3744603	3210789	3683261	6	14813290
201	14813180	2	41	589571850	39.80	41	41	41	0	41	41	5366064	2749825	3596643	3100622	26	14813290
202	14813169	2	41	589615711	39.80	41	41	41	0	41	41	3018537	4943677	3784672	3066234	49	14813290
203	14813146	2	41	590024253	39.83	41	41	41	0	41	41	4175563	2743977	4782845	3110724	37	14813290
204	14813140	2	41	590982396	39.90	41	41	41	0	41	41	3487823	4002983	4138907	3183419	8	14813290
205	14813135	2	41	591068628	39.90	41	41	41	0	41	41	3896082	2332523	3228562	5355942	26	14813290
206	14813110	2	41	590344093	39.85	41	41	41	0	41	41	4112389	4026908	3745812	2927782	219	14813290
207	14813106	2	41	591135158	39.91	41	41	41	0	41	41	4762091	2869544	4674562	2506771	138	14813290
208	14813099	2	41	591547241	39.93	41	41	41	0	41	41	2804608	3158696	5903475	2946185	135	14813290
209	14813096	2	41	590705412	39.88	41	41	41	0	41	41	4047969	1845771	4556634	4362684	38	14813290
210	14813089	2	41	590724932	39.88	41	41	41	0	41	41	5357930	2960800	2733827	3760518	14	14813290
211	14813079	2	41	590840720	39.89	41	41	41	0	41	41	3990664	3716790	3744131	3361425	69	14813290
212	14813074	2	41	593596826	40.07	41	41	41	0	41	41	2970984	3792867	5286953	2761960	310	14813290
213	14813070	2	41	593942068	40.10	41	41	41	0	41	41	3525560	3711342	4012768	3563367	33	14813290
214	14813068	2	41	594108322	40.11	41	41	41	0	41	41	3701670	3202458	4967606	2941245	89	14813290
215	14813064	2	41	593834129	40.09	41	41	41	0	41	41	3359014	3763121	3469950	4220814	165	14813290
216	14813049	2	41	594218430	40.11	41	41	41	0	41	41	3801108	3928153	3613848	3468374	1566	14813290
217	14813043	2	41	595669350	40.21	41	41	41	0	41	41	3051508	3725139	4324706	3711058	632	14813290
218	14813041	2	41	595366234	40.19	41	41	41	0	41	41	2439992	3305713	4335168	4731988	180	14813290
219	14813030	2	41	595107581	40.17	41	41	41	0	41	41	3325880	4180211	3686829	3619045	1065	14813290
220	14812989	2	41	595196891	40.18	41	41	41	0	41	41	4696259	3563749	3771471	2781245	265	14813290
221	14812970	2	41	593777874	40.08	41	41	41	0	41	41	3693420	4444613	3779468	2893371	2098	14813290
222	14812898	2	41	593359194	40.06	41	41	41	0	41	41	2061045	4798971	5482159	2466005	4718	14813290
223	14812886	2	41	595125539	40.18	41	41	41	0	41	41	3267742	4144659	3953376	3446907	202	14813290
224	14812824	2	41	594583687	40.14	41	41	41	0	41	41	3686930	3070086	3963173	4091310	1325	14813290
225	14811739	2	41	595145663	40.18	41	41	41	0	41	41	2523559	3313540	4096334	4876957	1349	14813290
226	14811733	2	41	594304180	40.12	41	41	41	0	41	41	3486361	4194789	4219277	2906316	4990	14813290
227	14811728	2	41	597817134	40.36	41	41	41	0	41	41	2711606	4441250	3669550	3987410	1912	14813290
228	14811719	2	41	598021869	40.37	41	41	41	0	41	41	3334642	3473834	4266807	3735585	851	14813290
229	14811716	2	41	598181498	40.39	41	41	41	0	41	41	2817527	4085423	5140617	2767501	648	14813290
230	14811705	2	41	597834915	40.36	41	41	41	0	41	41	4281256	3022267	3844088	3662641	1453	14813290
231	14811696	2	41	597539519	40.34	41	41	41	0	41	41	3090369	5010674	4040525	2668085	2043	14813290
232	14811686	2	41	596888217	40.30	41	41	41	0	41	41	3528803	3776951	5610968	1891252	3712	14813290
233	14811680	2	41	597933873	40.37	41	41	41	0	41	41	3452251	3213987	4135295	4008512	1635	14813290
234	14811671	2	41	597778242	40.36	41	41	41	0	41	41	3901492	2853682	3299412	4756406	679	14813290
235	14811667	2	41	597371394	40.33	41	41	41	0	41	41	3885744	3512493	5303376	2107987	2067	14813290
236	14811655	2	41	597581060	40.35	41	41	41	0	41	41	4940828	2914450	3144298	3809588	2491	14813290
237	14811592	2	41	596874295	40.30	41	41	41	0	41	41	3000793	4415430	2817481	4575094	2794	14813290
238	14811575	2	41	596885208	40.30	41	41	41	0	41	41	3416323	4612796	3278523	3501268	2665	14813290
239	14811565	2	41	597067258	40.31	41	41	41	0	41	41	4355038	3721939	2485921	4246424	2243	14813290
240	14811546	2	41	596344588	40.26	41	41	41	0	41	41	3263497	3840112	3056365	4648890	2682	14813290
241	14811537	2	41	596674045	40.28	41	41	41	0	41	41	2326057	5187807	3204287	4089866	3520	14813290
242	14811486	2	41	597172312	40.32	41	41	41	0	41	41	2820591	4758903	3166526	4063827	1639	14813290
243	14811462	2	41	596483929	40.27	41	41	41	0	41	41	3304408	4141725	2601371	4761859	2099	14813290
244	14811444	2	41	595452312	40.20	41	41	41	0	41	41	3974397	3938117	2534519	4362012	2399	14813290
245	14811354	2	41	596300953	40.26	41	41	41	0	41	41	2758539	4677907	3692486	3676413	6009	14813290
246	14811304	2	41	596935792	40.30	41	41	41	0	41	41	3608833	4133657	2905887	4159848	3079	14813290
247	14811259	2	41	596640216	40.28	41	41	41	0	41	41	3822274	3559692	4086893	3338816	3584	14813290
248	14811155	2	41	595250928	40.19	41	41	41	0	41	41	2952391	5227443	3378277	3235554	17490	14813290
249	14810465	2	41	596493771	40.28	41	41	41	0	41	41	2336527	3529377	2470673	6471828	2060	14813290
250	14810052	2	41	595995811	40.24	41	41	41	0	41	41	2752534	3839796	3249438	4965143	3141	14813290
251	14809518	2	41	593544496	40.08	41	41	41	0	41	41	2911894	4344773	3358757	4181125	12969	14813290
252	14809240	2	41	595138531	40.19	41	41	41	0	41	41	2774736	4073919	1817292	6138776	4517	14813290
253	14809201	2	41	594813367	40.17	41	41	41	0	41	41	3069705	4160329	2229662	5347143	2362	14813290
254	14809093	2	41	594020067	40.11	41	41	41	0	41	41	2863664	6210293	1731570	3997912	5654	14813290
255	14808932	2	41	593548501	40.08	41	41	41	0	41	41	3153771	3866947	1800608	5981597	6009	14813290
256	14808869	2	41	594368743	40.14	41	41	41	0	41	41	3256117	4526513	2762641	4258882	4716	14813290
257	14808321	2	41	594045242	40.12	41	41	41	0	41	41	3489060	6892201	1690489	2733526	3045	14813290
258	14808276	2	41	592590445	40.02	41	41	41	0	41	41	3453559	5122643	2992154	3233869	6051	14813290
259	14808152	2	41	591072484	39.92	41	41	41	0	41	41	2867377	3174411	2953485	5801374	11505	14813290
260	14808091	2	41	587644426	39.68	41	41	41	0	41	41	2338711	5001427	2434461	4987229	46263	14813290
261	14807932	2	41	589974604	39.84	41	41	41	0	41	41	3258813	3877458	3252758	4399244	19659	14813290
262	14807798	2	41	590710376	39.89	41	41	41	0	41	41	4188750	3294572	3518967	3791347	14162	14813290
263	14807415	2	41	589440036	39.81	41	41	41	0	41	41	4929619	4812280	1720054	3330224	15238	14813290
264	14806763	2	38	531364666	35.89	37	38	38	1	36	38	3824864	5114349	2236279	3563542	67729	14813290
265	14803108	2	38	520334852	35.15	37	38	38	1	36	38	3196747	3614930	2589748	5131515	270168	14813290
266	14802053	2	38	512227850	34.61	37	38	38	1	36	38	3849599	3761037	2527503	3959626	704288	14813290
267	14801914	2	38	533397930	36.04	37	38	38	1	36	38	4716693	4415442	2172862	3370127	126790	14813290
268	14800694	2	38	529203019	35.76	36	38	38	2	33	38	3708975	5313456	1232211	4417039	129013	14813290
269	14799144	2	38	523138586	35.35	36	38	38	2	33	38	3524269	4026712	1883246	5169008	195909	14813290
270	14795472	2	38	519699851	35.13	36	38	38	2	33	38	4757654	4076100	2923404	2639693	398621	14813290
271	14786940	2	38	521695150	35.28	36	38	38	2	33	38	4094325	3755302	2755450	3854090	327773	14813290
272	14784259	2	38	522385736	35.33	37	38	38	1	36	38	4114647	3330179	3165410	3772470	401553	14813290
273	14780639	2	38	530988973	35.92	37	38	38	1	36	38	5823756	3430062	1979539	3429500	117782	14813290
274	14764045	2	38	523131703	35.43	34	38	38	4	28	38	4969934	3712756	2083535	3828708	169112	14813290
275	14734906	2	38	517789035	35.14	34	38	38	4	28	38	3716848	3500577	3276658	4052919	187904	14813290
276	14729478	2	38	507018787	34.42	34	38	38	4	28	38	4341492	3584499	2910325	3258233	634929	14813290
277	14711266	2	38	521954832	35.48	34	38	38	4	28	38	3647784	4508565	2254156	4162032	138729	14813290
278	14674440	2	38	518290741	35.32	34	38	38	4	28	38	3374389	3424069	2687568	5069653	118761	14813290
279	14315829	2	38	505969127	35.34	34	38	38	4	28	38	3919524	2702682	3243569	4252387	197667	14813290
280	14153781	2	38	498656718	35.23	34	38	38	4	28	38	3924871	3382546	2252193	4465858	128313	14813290
281	14121654	2	38	494932734	35.05	34	38	38	4	28	38	3360669	3112165	2523328	4954378	171114	14813290
282	14010473	2	38	487556503	34.80	34	38	38	4	28	38	3820415	2980427	2612262	4209025	388344	14813290
283	13952401	2	38	496042450	35.55	34	38	38	4	28	38	3340224	3860388	2589714	4053396	108679	14813290
284	13496022	2	38	476020830	35.27	34	37	38	4	28	38	2464017	2830249	3500201	4593509	108046	14813290
285	12618904	2	38	444931670	35.26	34	38	38	4	28	38	3357558	2989568	2417335	3691136	163307	14813290
286	12592772	2	38	445786404	35.40	34	38	38	4	28	38	3477436	4131606	1870106	3008297	105327	14813290
287	12420646	2	38	438830803	35.33	34	38	38	4	28	38	2977647	3093327	1948488	4317352	83832	14813290
288	12207804	2	38	430422280	35.26	34	38	38	4	28	38	3197086	2281125	2176264	4436251	117078	14813290
289	11598183	2	38	411259923	35.46	35	38	38	3	31	38	3131142	3006737	1509844	3808452	142008	14813290
290	11402825	2	38	403927697	35.42	34	38	38	4	28	38	2547100	2124761	2019594	4634675	76695	14813290
291	11311947	2	38	400508857	35.41	34	38	38	4	28	38	3824946	2106146	1932013	3366065	82777	14813290
292	11215251	2	38	390957390	34.86	34	38	38	4	28	38	2930257	3011278	2221504	2753671	298541	14813290
293	11125641	2	38	394337032	35.44	34	38	38	4	28	38	3419413	2055698	2241176	3350269	59085	14813290
294	10929780	2	38	383854056	35.12	34	38	38	4	28	38	1973450	2774439	1021490	5085552	74849	14813290
295	10152887	2	38	349858988	34.46	34	38	38	4	28	38	2412486	2665070	1876535	2760575	438221	14813290
296	10084493	2	38	358803423	35.58	34	38	38	4	28	38	3272312	2101435	1233944	3412789	64013	14813290
297	9983217	2	38	352096779	35.27	34	38	38	4	28	38	2523246	3025481	1490741	2849494	94255	14813290
298	9846960	2	38	340168309	34.55	34	38	38	4	28	38	1817500	3116746	1725095	2827432	360187	14813290
299	9717088	2	38	343453438	35.35	34	38	38	4	28	38	3166030	1856207	1104315	3450588	139948	14813290
300	9584057	2	38	338432574	35.31	34	38	38	4	28	38	3156858	2314465	1004477	3038317	69940	14813290
301	9427642	2	38	326724988	34.66	34	38	38	4	28	38	3158040	2307636	1579902	2070101	311963	14813290
302	9284566	2	38	327890895	35.32	34	38	38	4	28	38	3326315	2048028	1141268	2664967	103988	14813290
303	9188616	2	38	317296782	34.53	34	37	38	4	28	38	2434018	1475132	1400993	3722577	155896	14813290
304	9134232	2	38	309831116	33.92	34	37	38	4	28	38	2574350	1959253	2353334	1840388	406907	14813290
305	9046469	2	38	314539367	34.77	34	38	38	4	28	38	2945299	1742194	1383903	2749342	225731	14813290
306	9011025	2	38	313811520	34.83	34	37	38	4	28	38	2425061	2359311	1604768	2434592	187293	14813290
307	8951163	2	38	313703839	35.05	34	37	38	4	28	38	3072638	2767241	1499607	1515145	96532	14813290
308	8800309	2	38	308346706	35.04	34	37	38	4	28	38	3887011	1662240	983969	2170106	96983	14813290
309	8770750	2	38	300245943	34.23	34	37	38	4	28	38	2430839	1818653	1921667	2437657	161934	14813290
310	8679848	2	38	288404225	33.23	34	37	38	4	28	38	2079865	1753027	2366787	1932610	547559	14813290
311	8165598	2	38	284842300	34.88	34	37	38	4	28	38	2653543	1895129	1181879	2294712	140335	14813290
312	8113030	2	38	280793490	34.61	34	37	38	4	28	38	1975792	1947052	1667265	2359584	163337	14813290
313	8027186	2	38	278926640	34.75	34	37	38	4	28	38	1700506	2210037	1323939	2694952	97752	14813290
314	7299836	2	38	253949663	34.79	34	37	38	4	28	38	1984635	2325309	1264620	1657164	68108	14813290
315	7219655	2	38	248651676	34.44	34	37	38	4	28	38	2138998	1376270	1685959	1896169	122259	14813290
316	7153462	2	38	244140164	34.13	34	37	38	4	28	38	1997158	1454086	1663774	1794894	243550	14813290
317	6893395	2	38	241107111	34.98	34	37	38	4	28	38	1789298	1688666	1729547	1620800	65084	14813290
318	6689410	2	38	229743906	34.34	34	36	38	4	28	38	2125950	1094819	1891008	1455947	121686	14813290
319	6635057	2	38	228544130	34.44	34	36	38	4	28	38	2417519	1064761	1562035	1473784	116958	14813290
320	6591045	2	38	226675810	34.39	34	35	38	4	28	38	1386607	1350143	1394828	2346978	112489	14813290
321	6467910	2	38	223394721	34.54	34	35	38	4	28	38	1716209	1328353	1420454	1916767	86127	14813290
322	6229928	2	38	216199456	34.70	34	36	38	4	28	38	1785010	1326119	1291027	1779863	47909	14813290
323	5632337	2	38	195986005	34.80	34	37	38	4	28	38	2012614	1352637	1021091	1149166	96829	14813290
324	5348532	2	38	185395519	34.66	34	37	38	4	28	38	1356562	1394391	876142	1640597	80840	14813290
325	5035024	2	38	176618351	35.08	34	37	38	4	28	38	1160420	2151426	744447	949986	28745	14813290
326	4935218	2	38	171499263	34.75	34	37	38	4	28	38	1359075	1290681	866276	1362348	56838	14813290
327	4872002	2	38	170249660	34.94	34	37	38	4	28	38	1324209	703616	1251441	1563328	29408	14813290
328	4767775	2	38	165501231	34.71	34	37	38	4	28	38	1191870	1234023	604132	1691532	46218	14813290
329	4213686	2	38	144857570	34.38	34	37	38	4	28	38	1044980	1088994	1148820	793718	137174	14813290
330	4165393	2	38	146489468	35.17	34	37	38	4	28	38	1011689	782098	1384104	948590	38912	14813290
331	4098756	2	38	143491536	35.01	34	37	38	4	28	38	1084836	1043657	798914	1124765	46584	14813290
332	4025035	2	38	139972700	34.78	34	37	38	4	28	38	1651591	828651	574353	902714	67726	14813290
333	3955421	2	38	138646891	35.05	34	37	38	4	28	38	1482983	795044	862594	782742	32058	14813290
334	3805103	2	38	131359819	34.52	34	37	38	4	28	38	986677	1026985	1014247	683762	93432	14813290
335	3762347	2	38	129872256	34.52	34	37	38	4	28	38	897965	1120804	652513	987045	104020	14813290
336	3692608	2	38	129488587	35.07	34	37	38	4	28	38	750011	978913	639533	1294104	30047	14813290
337	3533401	2	38	122594474	34.70	34	37	38	4	28	38	788426	866940	520848	1323722	33465	14813290
338	3512252	2	38	121365023	34.55	34	37	38	4	28	38	901080	608218	939955	984131	78868	14813290
339	3425361	2	38	119891462	35.00	34	37	38	4	28	38	880004	780260	736814	988609	39674	14813290
340	3398454	2	38	118084231	34.75	34	37	38	4	28	38	728460	866928	426074	1336446	40546	14813290
341	3354467	2	38	116571224	34.75	34	37	38	4	28	38	1107673	559935	523041	1092816	71002	14813290
342	3241605	2	38	114090028	35.20	34	38	38	4	28	38	1048499	949285	498123	702173	43525	14813290
343	3217698	2	38	112649997	35.01	34	38	38	4	28	38	737776	885029	735437	811495	47961	14813290
344	3199102	2	38	112569096	35.19	34	37	38	4	28	38	991356	749361	758010	666247	34128	14813290
345	3171693	2	38	111517656	35.16	34	38	38	4	28	38	978639	970290	628866	559087	34811	14813290
346	3153760	2	38	109841426	34.83	34	37	38	4	28	38	837123	973422	433845	875794	33576	14813290
347	3112521	2	38	107373517	34.50	34	37	38	4	28	38	835251	520970	556359	1137057	62884	14813290
348	2962511	2	38	103820641	35.04	34	38	38	4	28	38	861822	571262	508895	982812	37720	14813290
349	2938120	2	38	102076653	34.74	34	37	38	4	28	38	585583	798805	373658	1136124	43950	14813290
350	2908384	2	38	101896222	35.04	34	37	38	4	28	38	999838	697117	435458	740654	35317	14813290
351	2815398	2	38	98075616	34.84	34	37	38	4	28	38	838676	719771	474526	748920	33505	14813290
352	2790037	2	38	95924592	34.38	34	37	38	4	28	38	727445	502455	408276	1104355	47506	14813290
353	2744703	2	38	93917264	34.22	34	37	38	4	28	38	615655	380434	506470	1184413	57731	14813290
354	2689652	2	38	91375062	33.97	34	37	38	4	28	38	536469	698533	482803	856327	115520	14813290
355	2663915	2	38	93202539	34.99	34	37	38	4	28	38	678681	872643	366019	717731	28841	14813290
356	2636720	2	38	92326268	35.02	34	37	38	4	28	38	765282	706435	366336	768232	30435	14813290
357	2611057	2	38	91210985	34.93	34	37	38	4	28	38	502003	1157396	328451	588633	34574	14813290
358	2586263	2	38	90210916	34.88	34	37	38	4	28	38	651997	657426	526815	722014	28011	14813290
359	2557982	2	38	89187689	34.87	34	37	38	4	28	38	1203307	350306	416439	557145	30785	14813290
360	2466075	2	38	84289155	34.18	34	37	38	4	28	38	978679	530333	403805	464230	89028	14813290
361	2417156	2	38	83768694	34.66	34	37	38	4	28	38	850201	483127	355047	701195	27586	14813290
362	2352988	2	38	79445023	33.76	34	37	38	4	28	38	585171	328213	416871	984472	38261	14813290
363	2321781	2	38	75215219	32.40	34	37	38	4	28	38	459789	357975	523403	813269	167345	14813290
364	2293411	2	38	77588989	33.83	34	37	38	4	28	38	809500	327567	389648	675374	91322	14813290
365	2265979	2	38	79345106	35.02	34	37	38	4	28	38	800019	629591	336825	475839	23705	14813290
366	2219264	2	38	77075572	34.73	34	37	38	4	28	38	521191	984813	260595	422140	30525	14813290
367	2192015	2	38	75612078	34.49	34	37	38	4	28	38	757447	548606	291810	554270	39882	14813290
368	2164962	2	38	73626200	34.01	34	37	38	4	28	38	806472	344901	255220	726522	31847	14813290
369	2137784	2	38	70222656	32.85	34	37	38	4	28	38	477553	574991	520741	428584	135915	14813290
370	2104811	2	38	71715469	34.07	34	37	38	4	28	38	440508	576791	490454	522875	74183	14813290
371	2070560	2	38	71149334	34.36	34	34	38	4	28	38	406620	480854	426753	728455	27878	14813290
372	2031659	2	38	69490024	34.20	34	34	38	4	28	38	457880	519870	448681	582667	22561	14813290
373	1829977	2	38	62288595	34.04	34	34	38	4	28	38	508658	308617	306265	675378	31059	14813290
374	1801739	2	38	61663537	34.22	34	34	38	4	28	38	779875	229191	252829	514106	25738	14813290
375	1764978	2	38	59835188	33.90	34	34	38	4	28	38	778142	388168	258076	293608	46984	14813290
376	1733276	2	38	60081919	34.66	34	37	38	4	28	38	729102	272750	284527	427057	19840	14813290
377	1705791	2	38	57330182	33.61	34	34	38	4	28	38	468539	270665	274556	661022	31009	14813290
378	1679059	2	38	54108894	32.23	34	34	38	4	28	38	353275	458299	404110	350415	112960	14813290
379	1653629	2	38	55760959	33.72	34	34	38	4	28	38	659023	277723	351240	322012	43631	14813290
380	1622840	2	38	55413261	34.15	34	34	38	4	28	38	382496	539969	332383	346725	21267	14813290
381	1576045	2	38	53018716	33.64	34	34	38	4	28	38	253837	422600	393764	465541	40303	14813290
382	1256196	2	38	42912963	34.16	34	34	38	4	28	38	452357	233724	270953	278890	20272	14813290
383	1089297	2	38	36637971	33.63	34	34	38	4	28	38	518058	161263	191862	194214	23900	14813290
384	1066465	2	38	34034353	31.91	34	34	38	4	28	38	259986	230662	299647	181695	94475	14813290
385	1042721	2	38	35518176	34.06	34	36	38	4	28	38	314480	179886	263417	250076	34862	14813290
386	993429	2	38	33799450	34.02	34	34	38	4	28	38	197266	302263	194884	283284	15732	14813290
387	966289	2	38	32725633	33.87	34	34	37	3	30	38	224411	209742	343472	174320	14344	14813290
388	932827	2	38	31623863	33.90	34	34	37	3	30	38	274382	177699	268757	197351	14638	14813290
389	911747	2	38	30671806	33.64	34	34	37	3	30	38	288997	197490	152694	258980	13586	14813290
390	883052	2	38	29673461	33.60	34	34	37	3	30	38	324192	203562	145579	190697	19022	14813290
391	858544	2	38	29314044	34.14	34	34	38	4	28	38	219188	115369	234706	276636	12645	14813290
392	834134	2	38	28003844	33.57	34	34	37	3	30	38	189909	221999	221334	187290	13602	14813290
393	804287	2	38	26881706	33.42	34	34	35	1	33	36	232973	222122	195029	141013	13150	14813290
394	731787	2	38	24391741	33.33	34	34	34	0	34	34	289917	160105	164353	105511	11901	14813290
395	707529	2	38	23326261	32.97	34	34	34	0	34	34	112269	161454	245701	174781	13324	14813290
396	665843	2	38	21317603	32.02	34	34	34	0	34	34	130852	108669	168912	218747	38663	14813290
397	447803	2	38	15069852	33.65	34	34	38	4	28	38	149621	74032	119175	93841	11134	14813290
398	375115	2	38	12575046	33.52	34	34	38	4	28	38	83809	123808	73932	82248	11318	14813290
399	355598	2	38	11891840	33.44	34	34	38	4	28	38	79807	118359	71703	73372	12357	14813290
400	338588	2	38	11472430	33.88	34	34	38	4	28	38	135837	69832	55572	72187	5160	14813290
401	318782	2	38	10620947	33.32	34	34	37	3	30	38	127369	52260	64765	68090	6298	14813290
402	301964	2	38	9587810	31.75	34	34	37	3	30	38	72800	51363	90571	61817	25413	14813290
403	272872	2	38	9353650	34.28	34	34	38	4	28	38	61088	45062	107289	54907	4526	14813290
404	256657	2	38	8566694	33.38	34	34	34	0	34	34	58395	39818	98196	55813	4435	14813290
405	239198	2	38	8009275	33.48	34	34	34	0	34	34	105380	38381	39167	52410	3860	14813290
406	223379	10	38	7589444	33.98	34	34	34	0	34	34	48876	34750	37639	102114	0	14813290
407	208510	10	38	7041805	33.77	34	34	34	0	34	34	99477	30698	31148	47187	0	14813290
408	194117	10	38	6567739	33.83	34	34	34	0	34	34	40430	27709	32459	93519	0	14813290
409	177097	10	38	6181306	34.90	34	34	38	4	28	38	90471	25037	26521	35068	0	14813290
410	163343	10	38	5512409	33.75	34	34	34	0	34	34	28801	21710	24964	87868	0	14813290
411	149079	10	38	5038460	33.80	34	34	34	0	34	34	25017	18534	78172	27356	0	14813290
412	134232	10	38	4516998	33.65	34	34	34	0	34	34	22003	16482	19302	76445	0	14813290
413	121166	11	34	4063042	33.53	34	34	34	0	34	34	18277	12752	74327	15810	0	14813290
414	105045	11	34	3528700	33.59	34	34	34	0	34	34	14119	10691	67401	12834	0	14813290
415	35285	12	34	1174451	33.28	34	34	34	0	34	34	10286	7693	7371	9935	0	14813290
416	22735	12	34	756447	33.27	34	34	34	0	34	34	6808	5131	4525	6271	0	14813290
417	10666	12	34	354991	33.28	34	34	34	0	34	34	3362	2049	2298	2957	0	14813290
